330304841 25.4077, 16.5348, 0
330306803 25.4077, 16.5348, 0
330306803 25.4077, 16.5348, 0
330306803 25.4077, 16.5348, 0
330306803 25.4077, 16.5348, 0
330306803 25.4077, 16.5348, 0
330306803 25.4077, 16.5348, 0
330306839 25.317, 16.4895, 0
330306911 25.1462, 16.4017, 0
330306945 24.8912, 16.2575, 0
330306945 24.5592, 16.0624, 0
330306945 24.1567, 15.8212, 0
330306990 23.6821, 15.5266, 0
330306990 23.1411, 15.1836, 0
330307026 22.5336, 14.7887, 0
330307026 21.8645, 14.3467, 0
330307061 21.1132, 13.826, 0
330307061 20.2853, 13.2336, 0
330307096 19.4454, 12.6617, 0
330307096 18.5939, 12.1086, 0
330307130 17.731, 11.5714, 0
330307130 16.8571, 11.0486, 0
330307165 15.9724, 10.5382, 0
330307165 15.0776, 10.0391, 0
330307165 14.173, 9.55007, 0
330307211 13.259, 9.06965, 0
330307211 12.3362, 8.59697, 0
330307246 11.404, 8.12891, 0
330307246 10.4631, 7.66497, 0
330307281 9.51369, 7.2032, 0
330307281 8.5564, 6.74336, 0
330307315 7.59201, 6.28503, 0
330307315 6.62123, 5.82802, 0
330307315 5.64478, 5.37219, 0
330307351 4.66331, 4.91713, 0
330307351 3.67753, 4.46273, 0
330307396 2.68708, 4.00872, 0
330307396 1.80377, 3.60415, 0
330307430 1.01407, 3.24583, 0
330307430 0.323127, 2.94865, 0
330307464 0.279538, 2.70642, 0
330307464 0.802902, 2.51372, 0
330307464 1.24593, 2.37797, 0
330307498 1.61756, 2.29347, 0
330307498 1.91955, 2.26315, 0
330307498 2.15878, 2.28167, 0
330307555 2.31411, 2.38152, 0
330307579 2.39459, 2.55447, 0
330307579 2.47477, 2.70269, 0
330307614 2.55525, 2.82856, 0
330307614 2.63566, 2.93531, 0
330307649 2.71653, 3.02478, 0
330307649 2.79756, 3.09935, 0
330307649 2.87872, 3.16052, 0
330307693 2.96048, 3.20953, 0
330307693 3.04258, 3.24818, 0
330307728 3.12546, 3.27743, 0
330307728 3.20791, 3.30065, 0
330307763 3.29036, 3.31839, 0
330307763 3.37232, 3.33276, 0
330307798 3.45418, 3.34401, 0
330307798 3.53601, 3.35275, 0
330307833 3.61814, 3.35912, 0
330307833 3.70055, 3.36337, 0
330307833 3.78316, 3.36604, 0
330307878 3.86623, 3.36726, 0
330307878 3.94867, 3.36732, 0
330307913 4.03083, 3.3664, 0
330307913 4.11163, 3.36475, 0
330307946 4.19151, 3.36242, 0
330307946 4.26958, 3.35961, 0
330307980 4.34629, 3.35641, 0
330307980 4.42174, 3.35281, 0
330307980 4.49532, 3.34894, 0
330308026 4.56738, 3.3448, 0
330308026 4.63811, 3.34046, 0
330308061 4.70715, 3.33601, 0
330308061 4.774, 3.33153, 0
330308095 4.83934, 3.32697, 0
330308095 4.90269, 3.32243, 0
330308130 4.96466, 3.31786, 0
330308130 5.02489, 3.31331, 0
330308164 5.08391, 3.30876, 0
330308164 5.14184, 3.30427, 0
330308164 5.19832, 3.29981, 0
330308210 5.25372, 3.29537, 0
330308210 5.30772, 3.29106, 0
330308210 5.36047, 3.28678, 0
330308246 5.41185, 3.28263, 0
330308281 5.4622, 3.27861, 0
330308281 5.51124, 3.27469, 0
330308316 5.55921, 3.27093, 0
330308316 5.60587, 3.26734, 0
330308316 5.65136, 3.26388, 0
330308350 5.6959, 3.26055, 0
330308350 5.73928, 3.25742, 0
330308395 5.78166, 3.25446, 0
330308395 5.82287, 3.25166, 0
330308430 5.8631, 3.24907, 0
330308430 5.90217, 3.24665, 0
330308465 5.94024, 3.24439, 0
330308465 5.97714, 3.24231, 0
330308465 6.01302, 3.24039, 0
330308498 6.04797, 3.23862, 0
330308498 6.08189, 3.23701, 0
330308544 6.11489, 3.2355, 0
330308544 6.14682, 3.23416, 0
330308579 6.17781, 3.23289, 0
330308579 6.20755, 3.23183, 0
330308613 6.23619, 3.23087, 0
330308613 6.26341, 3.23005, 0
330308647 6.28937, 3.22936, 0
330308647 6.31384, 3.22881, 0
330308647 6.33695, 3.22837, 0
330308693 6.35886, 3.22802, 0
330308693 6.37942, 3.22775, 0
330308728 6.39877, 3.22751, 0
330308728 6.41703, 3.2273, 0
330308763 6.43413, 3.22706, 0
330308763 6.45002, 3.22682, 0
330308798 6.46481, 3.22651, 0
330308798 6.47849, 3.2261, 0
330308832 6.4912, 3.22558, 0
330308832 6.50299, 3.22493, 0
330308832 6.51387, 3.22417, 0
330308878 6.5239, 3.22325, 0
330308878 6.53312, 3.22214, 0
330308912 6.54155, 3.22084, 0
330308912 6.54924, 3.21936, 0
330308947 6.55617, 3.21753, 0
330308947 6.56239, 3.21546, 0
330308981 6.53993, 3.2198, 0
330308981 6.49167, 3.22994, 0
330308981 6.42012, 3.24525, 0
330309027 6.32824, 3.26479, 0
330309027 6.21803, 3.28813, 0
330309061 6.09151, 3.31502, 0
330309061 5.95029, 3.34507, 0
330309096 5.79598, 3.3778, 0
330309096 5.62985, 3.41295, 0
330309129 5.45332, 3.4502, 0
330309129 5.26738, 3.48931, 0
330309164 5.03398, 3.55425, 0
330309164 4.75778, 3.64244, 0
330309164 4.44294, 3.75153, 0
330309209 4.08276, 3.88951, 0
330309209 3.68159, 4.05348, 0
330309244 3.20773, 4.24672, 0
330309244 2.66818, 4.46629, 0
330309279 2.10431, 4.70495, 0
330309279 1.51856, 4.96078, 0
330309314 0.912289, 5.23277, 0
330309314 0.287779, 5.51928, 0
330309314 0.353086, 5.8188, 0
330309360 1.00956, 6.13096, 0
330309360 1.67988, 6.4545, 0
330309395 2.36763, 6.79009, 0
330309395 3.07077, 7.13648, 0
330309429 3.76816, 7.4951, 0
330309429 4.46001, 7.86469, 0
330309464 5.14291, 8.24449, 0
330309464 5.78934, 8.62683, 0
330309464 6.40289, 9.0113, 0
330309499 6.98445, 9.3977, 0
330309499 7.53783, 9.7861, 0
330309545 8.06233, 10.1761, 0
330309545 8.56106, 10.5673, 0
330309581 9.00052, 10.9568, 0
330309581 9.38704, 11.3448, 0
330309615 9.72622, 11.7304, 0
330309615 10.0232, 12.1138, 0
330309615 10.2823, 12.4951, 0
330309649 10.4698, 12.8512, 0
330309649 10.5929, 13.1848, 0
330309684 10.6585, 13.498, 0
330309684 10.6623, 13.7834, 0
330309719 10.6105, 14.0437, 0
330309719 10.474, 14.2759, 0
330309764 10.2638, 14.4819, 0
330309764 10.021, 14.6686, 0
330309799 9.7468, 14.8406, 0
330309799 9.44349, 14.9988, 0
330309799 9.11377, 15.1446, 0
330309832 8.75918, 15.2806, 0
330309832 8.38102, 15.4067, 0
330309878 7.98094, 15.5249, 0
330309878 7.55586, 15.6341, 0
330309912 7.10755, 15.7359, 0
330309912 6.65728, 15.8285, 0
330309947 6.2048, 15.9132, 0
330309947 5.75397, 15.9905, 0
330309982 5.30434, 16.0612, 0
330309982 4.85576, 16.1262, 0
330309982 4.41046, 16.1858, 0
330310016 3.96784, 16.2408, 0
330310016 3.53121, 16.2918, 0
330310062 3.09978, 16.3394, 0
330310062 2.70995, 16.3864, 0
330310097 2.35743, 16.4331, 0
330310097 2.03849, 16.4804, 0
330310131 1.74964, 16.5283, 0
330310131 1.48793, 16.5768, 0
330310131 1.25048, 16.6259, 0
330310165 1.0346, 16.6756, 0
330310165 0.838164, 16.7262, 0
330310211 0.658855, 16.7776, 0
330310211 0.495079, 16.8298, 0
330310246 0.344792, 16.8828, 0
330310246 0.204038, 16.9376, 0
330310281 0.0715575, 16.9942, 0
330310281 0.0516871, 17.0498, 0
330310314 0.164805, 17.1045, 0
330310314 0.271458, 17.1584, 0
330310314 0.370018, 17.2102, 0
330310359 0.46157, 17.2603, 0
330310359 0.54597, 17.308, 0
330310394 0.624334, 17.3535, 0
330310394 0.696304, 17.3965, 0
330310428 0.762814, 17.4373, 0
330310428 0.8237, 17.4756, 0
330310463 0.879498, 17.5118, 0
330310463 0.930525, 17.5459, 0
330310498 0.977074, 17.578, 0
330310498 1.01965, 17.6083, 0
330310498 1.05841, 17.6369, 0
330310544 1.09357, 17.6639, 0
330310544 1.12536, 17.6894, 0
330310579 1.15406, 17.7134, 0
330310579 1.1798, 17.7361, 0
330310614 1.20277, 17.7577, 0
330310614 1.22314, 17.7782, 0
330310649 1.2411, 17.7978, 0
330310649 1.25678, 17.8166, 0
330310649 1.27051, 17.8346, 0
330310684 1.2821, 17.8519, 0
330310684 1.29187, 17.8685, 0
330310718 1.29968, 17.8845, 0
330310718 1.30575, 17.9, 0
330310764 1.31, 17.9149, 0
330310764 1.31263, 17.9293, 0
330310798 1.31365, 17.9434, 0
330310798 1.31314, 17.9571, 0
330310832 1.3111, 17.9705, 0
330310832 1.3077, 17.9837, 0
330310866 1.30285, 17.9966, 0
330310866 1.29677, 18.0095, 0
330310866 1.28954, 18.0221, 0
330310911 1.28106, 18.0346, 0
330310911 1.27165, 18.047, 0
330310945 1.26102, 18.0593, 0
330310945 1.24941, 18.0716, 0
330310980 1.2367, 18.0839, 0
330310980 1.22304, 18.096, 0
330310980 1.20868, 18.1082, 0
330311026 1.19321, 18.1203, 0
330311026 1.17697, 18.1323, 0
330311061 1.15983, 18.1443, 0
330311061 1.14185, 18.1563, 0
330311096 1.12289, 18.1681, 0
330311096 1.10319, 18.1797, 0
330311131 1.08242, 18.1911, 0
330311131 1.06093, 18.2022, 0
330311131 1.03878, 18.213, 0
330311165 1.01571, 18.2235, 0
330311199 0.991768, 18.2337, 0
330311199 0.967, 18.2436, 0
330311199 0.941699, 18.2532, 0
330311246 0.915698, 18.2624, 0
330311246 0.889187, 18.2712, 0
330311281 0.86186, 18.2797, 0
330311281 0.834305, 18.2877, 0
330311315 0.806083, 18.2953, 0
330311315 0.777552, 18.3024, 0
330311315 0.748826, 18.3091, 0
330311349 0.719725, 18.3154, 0
330311349 0.690526, 18.3211, 0
330311383 0.660879, 18.3265, 0
330311383 0.631072, 18.3313, 0
330311429 0.600898, 18.3356, 0
330311429 0.570884, 18.3394, 0
330311463 0.540437, 18.3426, 0
330311463 0.510137, 18.3452, 0
330311498 0.479779, 18.3473, 0
330311498 0.449351, 18.3488, 0
330311498 0.418839, 18.3498, 0
330311545 0.388508, 18.3503, 0
330311545 0.358405, 18.3502, 0
330311579 0.328592, 18.3496, 0
330311579 0.298786, 18.3484, 0
330311613 0.2694, 18.3465, 0
330311613 0.240126, 18.344, 0
330311647 0.122132, 18.3357, 0
330311647 0.0760813, 18.3221, 0
330311682 0.347044, 18.3037, 0
330311682 0.681931, 18.281, 0
330311682 1.075, 18.2544, 0
330311728 1.5201, 18.2244, 0
330311728 2.01176, 18.1912, 0
330311763 2.54519, 18.1553, 0
330311763 3.11576, 18.1167, 0
330311797 3.7195, 18.0759, 0
330311797 4.35251, 18.0331, 0
330311797 5.01154, 17.9884, 0
330311832 5.69356, 17.9421, 0
330311832 6.39558, 17.8943, 0
330311867 7.11509, 17.8452, 0
330311867 7.84954, 17.795, 0
330311912 8.59686, 17.7438, 0
330311912 9.35487, 17.6917, 0
330311947 10.1218, 17.6388, 0
330311947 10.8959, 17.5854, 0
330311982 11.6756, 17.5314, 0
330311982 12.4595, 17.477, 0
330311982 13.2462, 17.4222, 0
330312017 14.0346, 17.3671, 0
330312017 14.8235, 17.3118, 0
330312051 15.6211, 17.2721, 0
330312051 16.4253, 17.2464, 0
330312097 17.2252, 17.2177, 0
330312097 18.0203, 17.1864, 0
330312131 18.81, 17.1529, 0
330312131 19.5145, 17.1227, 0
330312165 20.1434, 17.0955, 0
330312165 20.705, 17.0711, 0
330312165 21.207, 17.049, 0
330312200 21.6649, 17.0445, 0
330312200 22.0835, 17.0558, 0
330312246 22.4672, 17.0812, 0
330312246 22.8196, 17.1192, 0
330312280 23.1442, 17.1686, 0
330312280 23.4439, 17.2281, 0
330312314 23.7214, 17.2967, 0
330312314 23.9791, 17.3735, 0
330312348 24.2173, 17.4582, 0
330312348 24.438, 17.5501, 0
330312348 24.643, 17.6485, 0
330312395 24.8345, 17.7526, 0
330312395 25.0137, 17.8618, 0
330312429 25.1746, 17.96, 0
330312429 25.3191, 18.0483, 0
330312464 25.4564, 18.1432, 0
330312464 25.5872, 18.2439, 0
330312498 25.7124, 18.3499, 0
330312498 25.8325, 18.4606, 0
330312498 25.9481, 18.5754, 0
330312532 26.0596, 18.6941, 0
330312532 26.1597, 18.8007, 0
330312578 26.2496, 18.8965, 0
330312578 26.3383, 18.998, 0
330312613 26.4261, 19.1046, 0
330312613 26.5129, 19.2157, 0
330312647 26.599, 19.3309, 0
330312647 26.6845, 19.4497, 0
330312681 26.7694, 19.5718, 0
330312681 26.8538, 19.6966, 0
330312681 26.9294, 19.8092, 0
330312727 26.9972, 19.9108, 0
330312727 27.0579, 20.0024, 0
330312763 27.1124, 20.0852, 0
330312763 27.1611, 20.1602, 0
330312798 27.2048, 20.228, 0
330312798 27.2438, 20.2895, 0
330312832 27.2705, 20.3302, 0
330312832 27.2878, 20.3517, 0
330312867 27.3048, 20.3708, 0
330312867 27.3217, 20.3878, 0
330312867 27.3379, 20.4029, 0
330312912 27.3537, 20.4162, 0
330312912 27.3762, 20.4431, 0
330312947 27.4049, 20.4822, 0
330312947 27.4318, 20.5172, 0
330312980 27.4571, 20.5485, 0
330312980 27.4808, 20.5765, 0
330313015 27.5033, 20.6015, 0
330313015 27.5245, 20.6238, 0
330313050 27.536, 20.6288, 0
330313050 27.5389, 20.6182, 0
330313050 27.5337, 20.5937, 0
330313096 27.5212, 20.5566, 0
330313096 27.5022, 20.508, 0
330313131 27.4772, 20.4493, 0
330313131 27.4467, 20.3812, 0
330313166 27.4114, 20.3048, 0
330313166 27.3715, 20.2209, 0
330313200 27.3275, 20.1301, 0
330313200 27.2799, 20.0332, 0
330313200 27.2289, 19.9307, 0
330313235 27.1835, 19.8381, 0
330313235 27.1431, 19.7545, 0
330313281 27.1072, 19.6788, 0
330313281 27.0753, 19.6105, 0
330313315 27.0471, 19.5486, 0
330313315 27.0304, 19.5078, 0
330313315 27.0241, 19.486, 0
330313350 27.0189, 19.466, 0
330313350 27.0146, 19.4476, 0
330313384 27.0112, 19.4306, 0
330313384 27.0084, 19.4147, 0
330313429 26.9976, 19.3854, 0
330313429 26.9794, 19.3438, 0
330313464 26.9633, 19.3058, 0
330313464 26.949, 19.271, 0
330313498 26.9365, 19.2389, 0
330313498 26.9254, 19.2093, 0
330313498 26.9156, 19.1818, 0
330313533 26.9156, 19.1711, 0
330313533 26.9244, 19.1756, 0
330313579 26.9412, 19.1934, 0
330313579 26.965, 19.2232, 0
330313614 26.9952, 19.2635, 0
330313614 27.0312, 19.3133, 0
330313648 27.0722, 19.3712, 0
330313648 27.1179, 19.4364, 0
330313648 27.1676, 19.5083, 0
330313683 27.2123, 19.5728, 0
330313683 27.2526, 19.6309, 0
330313716 27.2887, 19.6832, 0
330313716 27.3127, 19.7152, 0
330313762 27.3256, 19.7291, 0
330313762 27.3286, 19.7267, 0
330313797 27.3225, 19.7097, 0
330313797 27.3085, 19.6794, 0
330313831 27.2871, 19.6373, 0
330313831 27.2592, 19.5845, 0
330313865 27.2253, 19.5222, 0
330313865 27.1861, 19.4513, 0
330313865 27.1421, 19.3728, 0
330313912 27.0937, 19.2874, 0
330313912 27.0501, 19.2104, 0
330313946 27.0108, 19.1411, 0
330313946 26.9667, 19.0642, 0
330313946 26.9181, 18.9803, 0
330313982 26.8743, 18.9033, 0
330313982 26.8348, 18.8326, 0
330314017 26.7991, 18.7672, 0
330314017 26.7669, 18.7068, 0
330314051 26.7291, 18.6383, 0
330314051 26.6861, 18.5627, 0
330314086 26.6474, 18.4932, 0
330314086 26.6124, 18.4295, 0
330314131 26.5809, 18.3706, 0
330314131 26.5524, 18.3166, 0
330314131 26.5268, 18.2669, 0
330314166 26.5037, 18.2209, 0
330314200 26.4918, 18.1913, 0
330314200 26.4898, 18.1766, 0
330314234 26.4969, 18.1751, 0
330314234 26.5122, 18.1854, 0
330314234 26.5347, 18.2064, 0
330314280 26.555, 18.2254, 0
330314280 26.5733, 18.2424, 0
330314315 26.5897, 18.2578, 0
330314315 26.6045, 18.2715, 0
330314315 26.6178, 18.284, 0
330314349 26.6298, 18.2951, 0
330314349 26.6405, 18.3052, 0
330314382 26.6591, 18.3258, 0
330314382 26.6847, 18.3559, 0
330314429 26.7166, 18.3945, 0
330314429 26.7542, 18.4407, 0
330314464 26.7969, 18.4935, 0
330314464 26.8444, 18.5524, 0
330314498 26.8873, 18.6037, 0
330314498 26.9262, 18.6481, 0
330314498 26.9615, 18.6865, 0
330314533 26.9937, 18.7196, 0
330314533 27.0317, 18.7606, 0
330314577 27.075, 18.8086, 0
330314577 27.1144, 18.8506, 0
330314613 27.1505, 18.887, 0
330314613 27.1834, 18.9188, 0
330314647 27.2138, 18.9464, 0
330314647 27.2418, 18.9703, 0
330314681 27.2677, 18.9911, 0
330314681 27.2918, 19.0093, 0
330314681 27.3143, 19.0253, 0
330314727 27.3354, 19.0394, 0
330314727 27.3552, 19.0519, 0
330314762 27.3643, 19.0516, 0
330314762 27.3725, 19.0513, 0
330314797 27.3798, 19.051, 0
330314797 27.3865, 19.0507, 0
330314832 27.4021, 19.062, 0
330314832 27.4259, 19.0838, 0
330314866 27.4572, 19.115, 0
330314866 27.4951, 19.1548, 0
330314866 27.5303, 19.1908, 0
330314900 27.5631, 19.2235, 0
330314900 27.5939, 19.2535, 0
330314946 27.6228, 19.2812, 0
330314946 27.6501, 19.3069, 0
330314981 27.676, 19.3309, 0
330314981 27.7006, 19.3536, 0
330315015 27.7241, 19.3752, 0
330315015 27.7466, 19.3959, 0
330315015 27.7682, 19.4158, 0
330315050 27.7891, 19.4352, 0
330315050 27.8092, 19.454, 0
330315096 27.8288, 19.4726, 0
330315096 27.8477, 19.4909, 0
330315096 27.8661, 19.509, 0
330315134 27.8839, 19.527, 0
330315134 27.9013, 19.5449, 0
330315169 27.9182, 19.5627, 0
330315169 27.9347, 19.5804, 0
330315202 27.951, 19.5982, 0
330315202 27.9668, 19.616, 0
330315236 27.9823, 19.6337, 0
330315236 28.0071, 19.6629, 0
330315271 28.0294, 19.6891, 0
330315271 28.0495, 19.7127, 0
330315315 28.0026, 19.7398, 0
330315315 27.8856, 19.7587, 0
330315349 27.7064, 19.7704, 0
330315349 27.4705, 19.7755, 0
330315349 27.1826, 19.7745, 0
330315384 26.8475, 19.7684, 0
330315384 26.4688, 19.7575, 0
330315419 26.05, 19.7423, 0
330315419 25.594, 19.7231, 0
330315465 25.1038, 19.7005, 0
330315465 24.5815, 19.6747, 0
330315498 24.0308, 19.647, 0
330315498 23.4534, 19.6176, 0
330315498 22.851, 19.5866, 0
330315533 22.2184, 19.5541, 0
330315533 21.5574, 19.5201, 0
330315567 20.8685, 19.4864, 0
330315567 20.1531, 19.4526, 0
330315614 19.412, 19.4191, 0
330315614 18.6468, 19.3858, 0
330315648 17.8583, 19.3526, 0
330315648 17.0478, 19.3194, 0
330315682 16.2162, 19.2861, 0
330315682 15.3648, 19.2526, 0
330315682 14.4947, 19.2189, 0
330315716 13.6068, 19.1848, 0
330315716 12.7022, 19.1504, 0
330315762 11.7817, 19.1155, 0
330315762 10.8598, 19.0934, 0
330315797 9.93634, 19.0829, 0
330315797 9.09268, 19.0766, 0
330315832 8.3216, 19.0742, 0
330315832 7.6151, 19.075, 0
330315832 6.9673, 19.0788, 0
330315867 6.37255, 19.085, 0
330315867 5.82561, 19.0933, 0
330315901 5.32172, 19.1035, 0
330315901 4.85647, 19.1152, 0
330315947 4.42596, 19.1281, 0
330315947 4.02655, 19.142, 0
330315981 3.65504, 19.1566, 0
330315981 3.30689, 19.1707, 0
330316015 2.97964, 19.1844, 0
330316015 2.67126, 19.1975, 0
330316050 2.38757, 19.2102, 0
330316050 2.12606, 19.2223, 0
330316084 1.8859, 19.2324, 0
330316084 1.66499, 19.2405, 0
330316084 1.46238, 19.2466, 0
330316130 1.27602, 19.2508, 0
330316130 1.10501, 19.2534, 0
330316165 0.947471, 19.2542, 0
330316165 0.802624, 19.2537, 0
330316199 0.669079, 19.2517, 0
330316199 0.545766, 19.2486, 0
330316199 0.431922, 19.2444, 0
330316234 0.326554, 19.2391, 0
330316234 0.229216, 19.233, 0
330316280 0.139171, 19.2261, 0
330316280 0.0558284, 19.2184, 0
330316315 0.0211012, 19.21, 0
330316315 0.0943672, 19.201, 0
330316315 0.162081, 19.1915, 0
330316350 0.224803, 19.1814, 0
330316350 0.2831, 19.1708, 0
330316385 0.338273, 19.1597, 0
330316385 0.389938, 19.1481, 0
330316419 0.438571, 19.136, 0
330316419 0.484167, 19.1235, 0
330316465 0.527303, 19.1104, 0
330316465 0.568148, 19.097, 0
330316465 0.606429, 19.0833, 0
330316500 0.64278, 19.0692, 0
330316500 0.677345, 19.0548, 0
330316534 0.709917, 19.0402, 0
330316534 0.741057, 19.0252, 0
330316568 0.770507, 19.0101, 0
330316568 0.798593, 18.9948, 0
330316603 0.825589, 18.9792, 0
330316603 0.851337, 18.9636, 0
330316648 0.875948, 18.9477, 0
330316648 0.899638, 18.9317, 0
330316683 0.95204, 18.9204, 0
330316683 1.03018, 18.9135, 0
330316683 1.13157, 18.9106, 0
330316717 1.25279, 18.9112, 0
330316717 1.39184, 18.9151, 0
330316751 1.54686, 18.9218, 0
330316751 1.71602, 18.9311, 0
330316797 1.89794, 18.9428, 0
330316797 2.09128, 18.9567, 0
330316833 2.29497, 18.9727, 0
330316833 2.50802, 18.9905, 0
330316867 2.79009, 19.0099, 0
330316867 3.13417, 19.0306, 0
330316867 3.53378, 19.0526, 0
330316900 3.79916, 19.065, 0
330316900 3.94377, 19.0689, 0
330316947 4.16455, 19.0754, 0
330316947 4.45364, 19.0846, 0
330316982 4.80412, 19.0959, 0
330316982 5.20964, 19.1091, 0
330316982 5.66433, 19.1242, 0
330317016 6.1629, 19.1409, 0
330317050 6.70064, 19.1591, 0
330317050 7.27318, 19.1786, 0
330317050 7.8765, 19.1994, 0
330317085 8.52956, 19.2285, 0
330317085 9.2264, 19.2653, 0
330317130 9.96064, 19.3086, 0
330317130 10.7274, 19.3578, 0
330317165 11.5239, 19.415, 0
330317165 12.3175, 19.4744, 0
330317199 12.9091, 19.5165, 0
330317199 13.3211, 19.5431, 0
330317199 13.5736, 19.5558, 0
330317233 13.6835, 19.5559, 0
330317233 13.6655, 19.5449, 0
330317279 13.7322, 19.5455, 0
330317279 13.8748, 19.5564, 0
330317315 14.0869, 19.5792, 0
330317315 14.3609, 19.6127, 0
330317349 14.7041, 19.6657, 0
330317349 15.0519, 19.7363, 0
330317349 15.4037, 19.8229, 0
330317383 15.7597, 19.9235, 0
330317383 16.2896, 20.0474, 0
330317417 16.9733, 20.1927, 0
330317417 17.6231, 20.3468, 0
330317463 18.2423, 20.5088, 0
330317463 18.834, 20.678, 0
330317498 19.4007, 20.8536, 0
330317498 19.945, 21.0348, 0
330317498 20.4689, 21.2211, 0
330317533 20.9743, 21.412, 0
330317533 21.463, 21.6069, 0
330317568 21.9363, 21.8052, 0
330317568 22.376, 21.9996, 0
330317603 22.7856, 22.1902, 0
330317603 23.1692, 22.3777, 0
330317649 23.5287, 22.5622, 0
330317649 23.8653, 22.7415, 0
330317649 24.1814, 22.9162, 0
330317684 24.6346, 23.0965, 0
330317684 25.2081, 23.2818, 0
330317719 25.8809, 23.4677, 0
330317719 26.6392, 23.6541, 0
330317754 27.4627, 23.8355, 0
330317754 28.1764, 23.9923, 0
330317789 28.7913, 24.1249, 0
330317789 29.3183, 24.2333, 0
330317834 29.7669, 24.3191, 0
330317834 30.135, 24.3753, 0
330317834 30.4321, 24.405, 0
330317869 30.6632, 24.4086, 0
330317869 30.835, 24.3888, 0
330317904 30.9541, 24.3482, 0
330317904 31.0263, 24.2884, 0
330317939 31.0564, 24.2114, 0
330317939 31.0488, 24.1188, 0
330317973 31.0074, 24.0121, 0
330317973 30.9354, 23.8927, 0
330317973 30.8358, 23.7619, 0
330318018 30.7109, 23.6203, 0
330318018 30.5628, 23.4689, 0
330318052 30.3936, 23.3084, 0
330318052 30.205, 23.1395, 0
330318086 29.9985, 22.9629, 0
330318086 29.7757, 22.7793, 0
330318120 29.5378, 22.5893, 0
330318120 29.2866, 22.3935, 0
330318166 29.0231, 22.1922, 0
330318166 28.7482, 21.9859, 0
330318199 28.4792, 21.7833, 0
330318199 28.2155, 21.5842, 0
330318199 27.9616, 21.3921, 0
330318234 27.7162, 21.2061, 0
330318234 27.4861, 21.031, 0
330318268 27.2696, 20.8656, 0
330318268 27.068, 20.7112, 0
330318314 26.8799, 20.5666, 0
330318314 26.7052, 20.4318, 0
330318348 26.5424, 20.3058, 0
330318348 26.3906, 20.1876, 0
330318383 26.2516, 20.0787, 0
330318383 26.1242, 19.9779, 0
330318417 25.9328, 19.8357, 0
330318417 25.6831, 19.656, 0
330318417 25.3801, 19.4421, 0
330318463 25.0301, 19.1982, 0
330318463 24.6366, 18.9269, 0
330318498 24.2037, 18.6307, 0
330318498 23.7345, 18.3116, 0
330318498 23.232, 17.9722, 0
330318534 22.6991, 17.6143, 0
330318534 22.1383, 17.2397, 0
330318569 21.5521, 16.8501, 0
330318569 20.9425, 16.4469, 0
330318604 20.312, 16.0322, 0
330318604 19.662, 15.6069, 0
330318638 18.9939, 15.1727, 0
330318638 18.3089, 14.7303, 0
330318683 17.6082, 14.2806, 0
330318683 16.8928, 13.8243, 0
330318683 16.1636, 13.3619, 0
330318718 15.4215, 12.894, 0
330318718 14.6675, 12.4212, 0
330318752 13.9024, 11.9441, 0
330318752 13.127, 11.4631, 0
330318786 12.342, 10.9784, 0
330318786 11.5483, 10.4908, 0
330318832 10.7465, 10.0003, 0
330318832 9.93743, 9.50738, 0
330318867 9.19233, 9.05647, 0
330318867 8.50575, 8.64406, 0
330318867 7.87237, 8.26646, 0
330318901 7.37631, 7.97299, 0
330318934 7.00426, 7.75506, 0
330318934 6.74438, 7.60533, 0
330318934 6.58372, 7.51595, 0
330318981 6.51219, 7.48049, 0
330318981 6.52013, 7.49354, 0
330319015 6.59938, 7.55011, 0
330319015 6.74276, 7.64583, 0
330319051 6.97109, 7.78884, 0
330319051 7.2756, 7.97429, 0
330319085 7.64633, 8.19732, 0
330319085 8.07625, 8.45401, 0
330319085 8.5579, 8.73991, 0
330319130 9.08535, 9.05149, 0
330319130 9.65338, 9.38536, 0
330319165 10.2573, 9.73883, 0
330319165 10.8926, 10.1096, 0
330319200 11.5552, 10.4953, 0
330319200 12.2416, 10.8942, 0
330319200 12.9485, 11.3047, 0
330319235 13.6716, 11.7244, 0
330319235 14.4082, 12.1522, 0
330319269 15.1562, 12.5871, 0
330319269 15.9135, 13.028, 0
330319314 16.6782, 13.4738, 0
330319314 17.4484, 13.9238, 0
330319349 18.2226, 14.3772, 0
330319349 18.9343, 14.7911, 0
330319383 19.5905, 15.1695, 0
330319383 20.197, 15.5161, 0
330319417 20.7606, 15.8355, 0
330319417 21.2863, 16.1309, 0
330319417 21.7781, 16.4049, 0
330319463 22.2395, 16.6595, 0
330319463 22.6742, 16.8972, 0
330319498 23.0847, 17.1197, 0
330319498 23.474, 17.3285, 0
330319498 23.844, 17.5252, 0
330319534 24.1733, 17.6995, 0
330319534 24.4663, 17.8536, 0
330319568 24.7279, 17.9899, 0
330319568 24.9614, 18.1103, 0
330319603 25.1699, 18.2163, 0
330319603 25.3562, 18.3099, 0
330319637 25.5227, 18.3922, 0
330319637 25.6714, 18.4646, 0
330319682 25.8042, 18.528, 0
330319682 25.9231, 18.5838, 0
330319717 26.0293, 18.6326, 0
330319717 26.1243, 18.6752, 0
330319717 26.2103, 18.7128, 0
330319752 26.2882, 18.746, 0
330319752 26.3587, 18.7751, 0
330319787 26.4225, 18.8004, 0
330319787 26.4802, 18.8226, 0
330319833 26.5324, 18.8418, 0
330319833 26.5795, 18.8584, 0
330319833 26.6221, 18.8726, 0
330319868 26.6605, 18.8847, 0
330319868 26.6952, 18.8949, 0
330319902 26.7265, 18.9035, 0
330319936 26.7547, 18.9105, 0
330319936 26.7803, 18.916, 0
330319936 26.8033, 18.9204, 0
330319971 26.8241, 18.9237, 0
330319971 26.8428, 18.9261, 0
330320016 26.8597, 18.9276, 0
330320016 26.875, 18.9283, 0
330320016 26.8887, 18.9283, 0
330320051 26.9011, 18.9276, 0
330320051 26.9122, 18.9265, 0
330320086 26.9222, 18.9248, 0
330320086 26.9312, 18.9226, 0
330320120 26.9392, 18.92, 0
330320120 26.9465, 18.9169, 0
330320166 26.9529, 18.9135, 0
330320166 26.9586, 18.9098, 0
330320201 26.9637, 18.9057, 0
330320201 26.9681, 18.9014, 0
330320201 26.9721, 18.8968, 0
330320236 26.9754, 18.892, 0
330320236 26.9783, 18.887, 0
330320271 26.9808, 18.8818, 0
330320271 26.9828, 18.8764, 0
330320306 26.9844, 18.8709, 0
330320306 26.9856, 18.8653, 0
330320340 26.9864, 18.8596, 0
330320340 26.9869, 18.8537, 0
330320340 26.9872, 18.8478, 0
330320385 26.9871, 18.8419, 0
330320385 26.9868, 18.8359, 0
330320420 26.9862, 18.8299, 0
330320420 26.9854, 18.8239, 0
330320454 26.9843, 18.818, 0
330320454 26.9831, 18.8122, 0
330320499 26.9817, 18.8064, 0
330320499 26.9801, 18.8009, 0
330320499 26.9783, 18.7955, 0
330320534 26.9764, 18.7902, 0
330320534 26.9743, 18.7852, 0
330320568 26.972, 18.7804, 0
330320568 26.9695, 18.7759, 0
330320603 26.9669, 18.7717, 0
330320603 26.964, 18.7679, 0
330320637 26.961, 18.7645, 0
330320637 26.9578, 18.7615, 0
330320683 26.9544, 18.7591, 0
330320683 26.9509, 18.7572, 0
330320718 26.9472, 18.7559, 0
330320718 26.9433, 18.7551, 0
330320751 26.9392, 18.7549, 0
330320751 26.935, 18.7554, 0
330320751 26.9307, 18.7565, 0
330320791 26.9261, 18.7583, 0
330320791 26.9215, 18.7607, 0
330320829 26.9167, 18.7638, 0
330320829 26.9117, 18.7677, 0
330320865 26.9066, 18.7724, 0
330320865 26.9013, 18.7779, 0
330320899 26.8957, 18.7842, 0
330320899 26.8901, 18.7912, 0
330320935 26.8842, 18.7993, 0
330320935 26.8781, 18.8081, 0
330320935 26.8719, 18.8176, 0
330320970 26.8654, 18.828, 0
330320970 26.8587, 18.8391, 0
330321016 26.768, 18.8456, 0
330321016 26.6014, 18.8481, 0
330321016 26.3658, 18.8467, 0
330321051 26.0701, 18.8436, 0
330321051 25.7195, 18.8388, 0
330321086 25.3192, 18.8327, 0
330321086 24.8729, 18.8252, 0
330321120 24.3848, 18.8168, 0
330321120 23.8577, 18.8074, 0
330321165 23.2952, 18.7974, 0
330321165 22.6997, 18.7867, 0
330321200 22.0757, 18.7773, 0
330321200 21.425, 18.769, 0
330321234 20.7499, 18.7618, 0
330321234 20.0518, 18.7555, 0
330321269 19.3323, 18.7501, 0
330321269 18.5925, 18.7455, 0
330321269 17.8337, 18.7415, 0
330321313 17.0571, 18.7381, 0
330321313 16.2637, 18.7351, 0
330321348 15.4547, 18.7322, 0
330321348 14.631, 18.7294, 0
330321383 13.7936, 18.7265, 0
330321383 12.9435, 18.7234, 0
330321418 12.0815, 18.7201, 0
330321418 11.2086, 18.7164, 0
330321418 10.3256, 18.7124, 0
330321453 9.43318, 18.7079, 0
330321453 8.53236, 18.703, 0
330321498 7.62389, 18.6975, 0
330321498 6.81222, 18.6967, 0
330321498 6.08869, 18.7002, 0
330321533 5.44518, 18.7074, 0
330321533 4.87075, 18.7165, 0
330321569 4.35882, 18.7271, 0
330321569 3.90249, 18.7391, 0
330321604 3.49644, 18.7521, 0
330321604 3.13516, 18.7658, 0
330321638 2.81432, 18.7803, 0
330321638 2.52909, 18.795, 0
330321683 2.27607, 18.8099, 0
330321683 2.0492, 18.8231, 0
330321717 1.84604, 18.8348, 0
330321717 1.66358, 18.8448, 0
330321751 1.49977, 18.8533, 0
330321751 1.35269, 18.8603, 0
330321784 1.22077, 18.8658, 0
330321784 1.10239, 18.8701, 0
330321784 0.996246, 18.8732, 0
330321831 0.901121, 18.8752, 0
330321831 0.815963, 18.8762, 0
330321866 0.739704, 18.8763, 0
330321866 0.671404, 18.8757, 0
330321901 0.610271, 18.8743, 0
330321901 0.555468, 18.8723, 0
330321936 0.506634, 18.8697, 0
330321936 0.463015, 18.8665, 0
330321936 0.42412, 18.8629, 0
330321970 0.389366, 18.8587, 0
330321970 0.358094, 18.8542, 0
330322017 0.330619, 18.8493, 0
330322017 0.305782, 18.844, 0
330322052 0.283885, 18.8384, 0
330322052 0.264395, 18.8326, 0
330322052 0.246981, 18.8265, 0
330322086 0.231631, 18.8201, 0
330322086 0.217761, 18.8136, 0
330322120 0.205668, 18.8069, 0
330322120 0.194542, 18.8001, 0
330322155 0.185161, 18.7931, 0
330322155 0.176544, 18.786, 0
330322201 0.168809, 18.7788, 0
330322201 0.162081, 18.7716, 0
330322235 0.155777, 18.7642, 0
330322235 0.149952, 18.7569, 0
330322235 0.145429, 18.7496, 0
330322270 0.140762, 18.7423, 0
330322270 0.136751, 18.7351, 0
330322305 0.132619, 18.7279, 0
330322305 0.129217, 18.7207, 0
330322350 0.125724, 18.7137, 0
330322350 0.122132, 18.7067, 0
330322384 0.119366, 18.7, 0
330322384 0.115576, 18.6934, 0
330322384 0.112649, 18.6869, 0
330322419 0.109645, 18.6807, 0
330322419 0.107595, 18.6747, 0
330322453 0.104445, 18.6689, 0
330322453 0.101198, 18.6634, 0
330322488 0.0989731, 18.6581, 0
330322488 0.0955395, 18.6531, 0
330322488 0.0919778, 18.6483, 0
330322535 0.0895246, 18.6438, 0
330322535 0.0857133, 18.6396, 0
330322570 0.0830753, 18.6357, 0
330322570 0.0789533, 18.6321, 0
330322604 0.0760813, 18.6288, 0
330322604 0.0730965, 18.6259, 0
330322639 0.0683756, 18.6233, 0
330322639 0.0650381, 18.6211, 0
330322674 0.0615199, 18.6193, 0
330322674 0.0577879, 18.6179, 0
330322719 0.0516871, 18.6169, 0
330322719 0.0471836, 18.6162, 0
330322752 0.0447623, 18.6158, 0
330322752 0.0394767, 18.6158, 0
330322786 0.0333639, 18.6162, 0
330322786 0.0298415, 18.6169, 0
330322820 0.0211012, 18.6179, 0
330322820 0.0149208, 18.6192, 0
330322820 0.0149208, 18.6207, 0
330322866 0, 18.6225, 0
330322866 0, 18.6246, 0
330322900 0, 18.6269, 0
330322900 0.0149208, 18.6294, 0
330322934 0.0211012, 18.6321, 0
330322934 0.0298415, 18.6349, 0
330322934 0.0365483, 18.6379, 0
330322981 0.0447623, 18.641, 0
330322981 0.0537976, 18.6442, 0
330323015 0.0633035, 18.6475, 0
330323015 0.0730965, 18.6509, 0
330323050 0.171426, 18.6471, 0
330323050 0.351506, 18.6368, 0
330323084 0.604223, 18.6207, 0
330323084 0.922116, 18.5993, 0
330323119 1.29883, 18.5731, 0
330323119 1.72829, 18.5427, 0
330323119 2.20512, 18.5083, 0
330323154 2.72441, 18.4703, 0
330323154 3.28159, 18.4291, 0
330323199 3.87263, 18.385, 0
330323199 4.49375, 18.3383, 0
330323235 5.14158, 18.2891, 0
330323235 5.81293, 18.2378, 0
330323235 6.50497, 18.1844, 0
330323270 7.21925, 18.1325, 0
330323270 7.9529, 18.0818, 0
330323305 8.70889, 18.038, 0
330323305 9.48422, 18.0002, 0
330323339 10.2748, 17.9671, 0
330323339 11.0782, 17.9381, 0
330323385 11.8914, 17.9122, 0
330323385 12.7123, 17.889, 0
330323419 13.5381, 17.8673, 0
330323419 14.3671, 17.8468, 0
330323453 15.1916, 17.8211, 0
330323453 16.0112, 17.7907, 0
330323453 16.8253, 17.756, 0
330323487 17.6343, 17.722, 0
330323487 18.4376, 17.6885, 0
330323487 19.2347, 17.6555, 0
330323537 19.9466, 17.6304, 0
330323569 20.5826, 17.6124, 0
330323569 21.1513, 17.6007, 0
330323604 21.6602, 17.5947, 0
330323604 22.1158, 17.5938, 0
330323604 22.524, 17.5975, 0
330323637 22.8894, 17.6008, 0
330323637 23.2166, 17.6038, 0
330323683 23.5096, 17.6065, 0
330323683 23.7723, 17.609, 0
330323718 24.0078, 17.6111, 0
330323718 24.219, 17.6131, 0
330323753 24.4085, 17.6149, 0
330323753 24.5786, 17.6165, 0
330323753 24.7277, 17.6146, 0
330323787 24.8581, 17.6098, 0
330323787 24.9669, 17.5964, 0
330323822 25.0564, 17.5753, 0
330323822 25.1297, 17.5483, 0
330323856 25.1883, 17.5159, 0
330323856 25.2345, 17.4793, 0
330323902 25.2695, 17.4389, 0
330323902 25.2954, 17.3961, 0
330323936 25.3132, 17.3511, 0
330323936 25.3292, 17.3106, 0
330323936 25.3436, 17.2742, 0
330323970 25.3565, 17.2413, 0
330323970 25.3674, 17.2073, 0
330324005 25.3765, 17.1721, 0
330324005 25.384, 17.136, 0
330324050 25.3905, 17.1033, 0
330324050 25.3963, 17.0738, 0
330324084 25.4022, 17.0479, 0
330324084 25.4083, 17.0253, 0
330324119 25.4151, 17.0063, 0
330324119 25.4226, 16.9904, 0
330324153 25.4321, 16.9827, 0
330324153 25.4433, 16.9823, 0
330324153 25.456, 16.9884, 0
330324198 25.4707, 17.0009, 0
330324198 25.4871, 17.0192, 0
330324235 25.5056, 17.0433, 0
330324235 25.5259, 17.0725, 0
330324269 25.5484, 17.1068, 0
330324269 25.5727, 17.1456, 0
330324269 25.5988, 17.1886, 0
330324303 25.6268, 17.2357, 0
330324303 25.6566, 17.2864, 0
330324338 25.6884, 17.3409, 0
330324338 25.7219, 17.3988, 0
330324384 25.7574, 17.4599, 0
330324384 25.7946, 17.5242, 0
330324419 25.8337, 17.5914, 0
330324419 25.8745, 17.6615, 0
330324453 25.9172, 17.7343, 0
330324453 25.9615, 17.8096, 0
330324488 26.0075, 17.8875, 0
330324488 26.0552, 17.9677, 0
330324488 26.1043, 18.05, 0
330324488 26.1546, 18.1341, 0
330324535 26.2057, 18.2156, 0
330324535 26.2575, 18.2949, 0
330324570 26.3094, 18.3717, 0
330324570 26.3615, 18.4464, 0
330324604 26.4133, 18.5186, 0
330324604 26.4648, 18.5887, 0
330324639 26.5157, 18.6565, 0
330324639 26.5661, 18.7223, 0
330324673 26.6088, 18.775, 0
330324673 26.644, 18.8156, 0
330324719 26.6801, 18.8565, 0
330324719 26.7164, 18.8973, 0
330324719 26.753, 18.938, 0
330324754 26.7896, 18.9783, 0
330324754 26.8263, 19.0183, 0
330324788 26.8553, 19.0465, 0
330324788 26.8768, 19.0636, 0
330324823 26.8917, 19.0707, 0
330324823 26.9003, 19.0685, 0
330324857 26.9114, 19.0697, 0
330324857 26.9243, 19.0737, 0
330324902 26.9394, 19.0805, 0
330324902 26.9562, 19.0895, 0
330324937 26.9747, 19.1007, 0
330324937 26.9946, 19.1135, 0
330324937 27.0157, 19.1279, 0
330324972 27.0379, 19.1436, 0
330324972 27.0612, 19.1605, 0
330325006 27.0857, 19.1785, 0
330325006 27.1113, 19.1977, 0
330325041 27.1379, 19.2177, 0
330325041 27.1653, 19.2385, 0
330325086 27.1934, 19.2597, 0
330325086 27.2221, 19.2814, 0
330325086 27.2512, 19.3033, 0
330325121 27.2807, 19.3253, 0
330325155 27.3002, 19.3341, 0
330325155 27.3106, 19.3309, 0
330325155 27.3199, 19.328, 0
330325189 27.3388, 19.3387, 0
330325189 27.3588, 19.3503, 0
330325235 27.3799, 19.3627, 0
330325235 27.4021, 19.3758, 0
330325269 27.425, 19.3894, 0
330325269 27.4485, 19.4035, 0
330325269 27.4805, 19.4294, 0
330325304 27.5092, 19.4528, 0
330325304 27.535, 19.4738, 0
330325338 27.5582, 19.4927, 0
330325338 27.571, 19.4978, 0
330325384 27.5744, 19.4907, 0
330325384 27.5688, 19.472, 0
330325419 27.5661, 19.4564, 0
330325419 27.5655, 19.4432, 0
330325419 27.5668, 19.4322, 0
330325454 27.559, 19.4098, 0
330325454 27.5427, 19.377, 0
330325488 27.4559, 19.3383, 0
330325488 27.305, 19.2943, 0
330325522 27.0963, 19.2459, 0
330325522 26.8347, 19.1935, 0
330325568 26.5246, 19.1374, 0
330325568 26.1696, 19.0779, 0
330325603 25.7726, 19.0157, 0
330325603 25.3367, 18.9508, 0
330325638 24.8647, 18.8838, 0
330325638 24.3699, 18.8279, 0
330325638 23.8538, 18.7821, 0
330325673 23.3105, 18.7481, 0
330325673 22.7305, 18.7112, 0
330325707 22.1167, 18.671, 0
330325707 21.4711, 18.6277, 0
330325753 20.7958, 18.5817, 0
330325753 20.0925, 18.5332, 0
330325753 19.363, 18.4824, 0
330325788 18.6086, 18.4296, 0
330325788 17.8433, 18.3884, 0
330325823 17.0675, 18.3577, 0
330325823 16.2818, 18.3364, 0
330325858 15.4865, 18.3235, 0
330325858 14.6823, 18.3182, 0
330325892 13.8695, 18.3198, 0
330325892 13.0356, 18.314, 0
330325937 12.182, 18.3017, 0
330325937 11.3104, 18.2834, 0
330325937 10.4352, 18.2732, 0
330325972 9.55672, 18.2704, 0
330325972 8.75322, 18.2704, 0
330326006 8.01795, 18.2731, 0
330326006 7.3443, 18.2776, 0
330326052 6.72651, 18.2837, 0
330326052 6.15958, 18.2914, 0
330326086 5.63863, 18.3005, 0
330326086 5.16022, 18.3105, 0
330326121 4.7201, 18.3214, 0
330326121 4.31468, 18.3331, 0
330326154 3.94045, 18.3455, 0
330326154 3.59437, 18.3585, 0
330326154 3.28226, 18.3695, 0
330326189 3.00071, 18.3786, 0
330326189 2.7462, 18.3869, 0
330326235 2.51597, 18.3945, 0
330326235 2.30762, 18.4014, 0
330326270 2.11883, 18.4077, 0
330326270 1.94771, 18.4136, 0
330326304 1.88253, 18.4125, 0
330326304 1.91282, 18.4051, 0
330326304 2.02898, 18.3921, 0
330326339 2.13232, 18.3806, 0
330326373 2.22398, 18.3705, 0
330326373 2.30516, 18.3617, 0
330326373 2.3769, 18.3539, 0
330326419 2.44002, 18.3472, 0
330326419 2.49537, 18.3415, 0
330326452 2.54371, 18.3367, 0
330326452 2.58565, 18.3326, 0
330326487 2.62177, 18.3293, 0
330326487 2.65258, 18.3267, 0
330326522 2.67877, 18.3247, 0
330326522 2.70072, 18.3232, 0
330326522 2.71898, 18.3223, 0
330326568 2.73392, 18.3218, 0
330326568 2.74595, 18.3217, 0
330326603 2.75531, 18.3221, 0
330326603 2.76243, 18.3228, 0
330326637 2.76753, 18.3238, 0
330326637 2.77094, 18.3252, 0
330326637 2.77282, 18.3269, 0
330326672 2.7733, 18.3289, 0
330326672 2.77274, 18.3312, 0
330326706 2.77122, 18.3339, 0
330326706 2.76897, 18.3368, 0
330326752 2.76613, 18.3401, 0
330326752 2.76291, 18.3437, 0
330326788 2.75934, 18.3476, 0
330326788 2.6656, 18.3584, 0
330326788 2.49069, 18.3753, 0
330326823 2.24288, 18.3979, 0
330326823 2.01954, 18.4191, 0
330326857 1.73298, 18.4413, 0
330326857 1.38944, 18.4644, 0
330326892 1.17052, 18.4787, 0
330326892 1.06376, 18.4849, 0
330326938 0.884796, 18.4937, 0
330326938 0.640699, 18.5048, 0
330326938 0.337944, 18.518, 0
330326972 0.0211012, 18.5332, 0
330326972 0.425431, 18.5501, 0
330327007 0.877725, 18.5688, 0
330327007 1.37115, 18.5892, 0
330327042 1.90361, 18.611, 0
330327042 2.47086, 18.6343, 0
330327088 3.07961, 18.6592, 0
330327088 3.72529, 18.6856, 0
330327122 4.40417, 18.7131, 0
330327122 5.11249, 18.7417, 0
330327122 5.84675, 18.7712, 0
330327156 6.60364, 18.8019, 0
330327156 7.38025, 18.8335, 0
330327190 8.1739, 18.8661, 0
330327190 8.98213, 18.8994, 0
330327225 9.80269, 18.9336, 0
330327225 10.6335, 18.9685, 0
330327271 11.4727, 19.004, 0
330327271 12.3184, 19.0399, 0
330327271 13.169, 19.0763, 0
330327306 14.0229, 19.1132, 0
330327306 14.8791, 19.1502, 0
330327340 15.7361, 19.1875, 0
330327340 16.5143, 19.2228, 0
330327374 17.2222, 19.2564, 0
330327374 18.0267, 19.2979, 0
330327419 18.9149, 19.3466, 0
330327419 19.7209, 19.3921, 0
330327453 20.454, 19.4347, 0
330327453 21.1222, 19.4748, 0
330327487 21.7313, 19.5124, 0
330327487 22.2876, 19.5479, 0
330327487 22.7953, 19.5812, 0
330327522 23.2599, 19.6126, 0
330327522 23.6843, 19.6422, 0
330327568 24.073, 19.6701, 0
330327568 24.4212, 19.6962, 0
330327604 24.7333, 19.7206, 0
330327604 25.0129, 19.7436, 0
330327639 25.2635, 19.7654, 0
330327639 25.4881, 19.7861, 0
330327639 25.6896, 19.8055, 0
330327673 25.8704, 19.8238, 0
330327673 26.0327, 19.841, 0
330327707 26.1784, 19.8572, 0
330327707 26.309, 19.8725, 0
330327753 26.4262, 19.887, 0
330327753 26.5312, 19.9007, 0
330327787 26.6253, 19.9137, 0
330327787 26.7095, 19.9261, 0
330327822 26.7848, 19.938, 0
330327822 26.852, 19.9495, 0
330327822 26.9118, 19.9604, 0
330327856 26.9651, 19.971, 0
330327856 27.0124, 19.9812, 0
330327891 27.0543, 19.9911, 0
330327891 27.0912, 20.0008, 0
330327937 27.1237, 20.0104, 0
330327937 27.1521, 20.0198, 0
330327971 27.1769, 20.0292, 0
330327971 27.1983, 20.0386, 0
330328005 27.2167, 20.048, 0
330328005 27.2324, 20.0576, 0
330328005 27.2456, 20.0671, 0
330328040 27.2566, 20.0768, 0
330328040 27.2656, 20.0865, 0
330328087 27.2728, 20.0964, 0
330328087 27.2784, 20.1064, 0
330328121 27.2827, 20.1166, 0
330328121 27.2857, 20.127, 0
330328156 27.2877, 20.1375, 0
330328156 27.2888, 20.1483, 0
330328156 27.2891, 20.1592, 0
330328191 27.2888, 20.1703, 0
330328191 27.288, 20.1815, 0
330328226 27.2868, 20.193, 0
330328226 27.2854, 20.2046, 0
330328271 27.2838, 20.2165, 0
330328271 27.2822, 20.2284, 0
330328305 27.2806, 20.2407, 0
330328305 27.2792, 20.253, 0
330328305 27.2779, 20.2655, 0
330328339 27.2769, 20.2781, 0
330328339 27.2761, 20.2909, 0
330328373 27.2757, 20.3037, 0
330328373 27.2757, 20.3167, 0
330328419 27.2763, 20.3297, 0
330328419 27.2773, 20.3427, 0
330328454 27.279, 20.3557, 0
330328454 27.2812, 20.3686, 0
330328454 27.284, 20.3814, 0
330328489 27.2874, 20.3941, 0
330328489 27.2915, 20.4065, 0
330328524 27.2962, 20.4189, 0
330328524 27.3016, 20.431, 0
330328558 27.3077, 20.4429, 0
330328558 27.3145, 20.4546, 0
330328603 27.3221, 20.4659, 0
330328603 27.3304, 20.477, 0
330328638 27.3395, 20.4877, 0
330328638 27.3493, 20.4981, 0
330328672 27.3598, 20.5081, 0
330328672 27.3711, 20.5177, 0
330328707 27.3831, 20.5269, 0
330328707 27.3958, 20.5356, 0
330328707 27.409, 20.5439, 0
330328753 27.4228, 20.5517, 0
330328753 27.437, 20.559, 0
330328788 27.4518, 20.5657, 0
330328788 27.467, 20.5719, 0
330328823 27.4827, 20.5774, 0
330328823 27.4988, 20.5824, 0
330328856 27.5153, 20.5868, 0
330328856 27.5321, 20.5906, 0
330328856 27.5491, 20.5938, 0
330328891 27.5663, 20.5964, 0
330328891 27.5836, 20.5984, 0
330328936 27.601, 20.5998, 0
330328936 27.6185, 20.6006, 0
330328971 27.6359, 20.6008, 0
330328971 27.6534, 20.6004, 0
330329005 27.6707, 20.5993, 0
330329005 27.688, 20.5976, 0
330329039 27.7051, 20.5953, 0
330329039 27.7219, 20.5924, 0
330329039 27.7384, 20.5889, 0
330329085 27.7546, 20.5849, 0
330329085 27.7703, 20.5802, 0
330329120 27.7857, 20.575, 0
330329120 27.8005, 20.5693, 0
330329155 27.8148, 20.563, 0
330329155 27.8285, 20.5561, 0
330329155 27.8417, 20.5489, 0
330329190 27.8542, 20.5412, 0
330329190 27.8662, 20.533, 0
330329224 27.8775, 20.5244, 0
330329224 27.8883, 20.5154, 0
330329270 27.8985, 20.506, 0
330329270 27.9081, 20.4963, 0
330329304 27.917, 20.4861, 0
330329304 27.9253, 20.4757, 0
330329339 27.9329, 20.4649, 0
330329339 27.94, 20.4539, 0
330329374 27.9463, 20.4425, 0
330329374 27.9521, 20.4308, 0
330329374 27.9574, 20.419, 0
330329408 27.962, 20.4069, 0
330329408 27.966, 20.3946, 0
330329453 27.9695, 20.3821, 0
330329453 27.9724, 20.3695, 0
330329488 27.9747, 20.3568, 0
330329488 27.9765, 20.3439, 0
330329523 27.9777, 20.3309, 0
330329523 27.9784, 20.3179, 0
330329557 27.9785, 20.3048, 0
330329557 27.9782, 20.2916, 0
330329557 27.9775, 20.2785, 0
330329603 27.9763, 20.2652, 0
330329603 27.9748, 20.2521, 0
330329638 27.9727, 20.2389, 0
330329638 27.9703, 20.2257, 0
330329638 27.9676, 20.2127, 0
330329673 27.9644, 20.1995, 0
330329673 27.9609, 20.1864, 0
330329707 27.8866, 20.1262, 0
330329707 27.7482, 20.0235, 0
330329742 27.5529, 19.8833, 0
330329742 27.3057, 19.7092, 0
330329788 27.0113, 19.5044, 0
330329788 26.6735, 19.2719, 0
330329788 26.2959, 19.0142, 0
330329823 25.8817, 18.7338, 0
330329823 25.4338, 18.4325, 0
330329857 24.9547, 18.1125, 0
330329857 24.4468, 17.7753, 0
330329891 23.8255, 17.4586, 0
330329891 23.0989, 17.1607, 0
330329937 22.3515, 16.8476, 0
330329937 21.5843, 16.5206, 0
330329972 20.7989, 16.1809, 0
330329972 19.9963, 15.8297, 0
330329972 19.1774, 15.468, 0
330330007 18.3429, 15.0967, 0
330330007 17.4938, 14.7166, 0
330330041 16.6309, 14.3286, 0
330330041 15.755, 13.9334, 0
330330076 14.8668, 13.5313, 0
330330076 13.9671, 13.1232, 0
330330076 13.0566, 12.7093, 0
330330122 12.1361, 12.2904, 0
330330122 11.2064, 11.8666, 0
330330159 10.268, 11.4385, 0
330330159 9.32185, 11.0064, 0
330330193 8.3686, 10.5707, 0
330330193 7.49776, 10.1834, 0
330330228 6.70212, 9.84015, 0
330330228 5.9735, 9.53569, 0
330330262 5.30581, 9.26631, 0
330330262 4.69321, 9.02853, 0
330330297 4.13051, 8.81925, 0
330330297 3.61302, 8.63569, 0
330330297 3.13601, 8.47526, 0
330330342 2.6957, 8.33561, 0
330330342 2.28814, 8.21456, 0
330330375 1.80992, 8.00782, 0
330330375 1.37115, 7.68457, 0
330330410 0.970217, 7.2436, 0
330330410 0.512532, 6.73066, 0
330330455 0, 6.15222, 0
330330455 0.548411, 5.51443, 0
330330490 1.14253, 4.82259, 0
330330490 1.77294, 4.08181, 0
330330490 2.43597, 3.29675, 0
330330523 3.1272, 2.47154, 0
330330523 3.84361, 1.61012, 0
330330558 4.56835, 0.716004, 0
330330558 5.30029, 0.207285, 0
330330604 6.0442, 1.15531, 0
330330604 6.79832, 2.12527, 0
330330638 7.56194, 3.11409, 0
330330638 8.33347, 4.11899, 0
330330673 9.11204, 5.13736, 0
330330673 9.89626, 6.16683, 0
330330707 10.6879, 7.05557, 0
330330707 11.4853, 7.81824, 0
330330707 12.2871, 8.46809, 0
330330751 13.092, 9.01699, 0
330330751 13.8989, 9.47557, 0
330330787 14.7066, 9.85332, 0
330330787 15.5142, 10.1587, 0
330330822 16.3206, 10.3991, 0
330330822 17.1251, 10.5814, 0
330330822 17.9268, 10.7115, 0
330330856 18.7249, 10.7946, 0
330330856 19.4297, 10.7348, 0
330330891 20.0516, 10.5461, 0
330330891 20.6019, 10.2288, 0
330330926 21.0886, 9.79517, 0
330330926 21.5195, 9.25554, 0
330330971 21.9006, 8.61959, 0
330330971 22.238, 7.89567, 0
330331005 22.5363, 7.09171, 0
330331005 22.7998, 6.21493, 0
330331005 23.0328, 5.27175, 0
330331040 23.2387, 4.26842, 0
330331040 23.4321, 3.21046, 0
330331075 23.6119, 2.25498, 0
