640 400
640 400
640 400
640 400
640 400
640 400
640 400
640 400
640 400
640 400
640 400
640 400
640 400
2941.37 343.123
2941.37 343.123
569.196 -951.121
573.922 -896.577
573.922 -896.577
606.779 -937.782
606.779 -937.782
618.87 -946.706
618.87 -946.706
756.502 -1234.67
756.502 -1234.67
665.391 -968.756
665.391 -968.756
623.718 -853.006
623.718 -853.006
623.718 -853.006
623.718 -853.006
657.537 -949.819
572.833 -743.288
572.833 -743.288
572.833 -743.288
572.833 -743.288
572.833 -743.288
572.833 -743.288
572.833 -743.288
572.833 -743.288
572.833 -743.288
570.161 -741.537
570.161 -741.537
610.322 -855.903
610.322 -855.903
587.065 -853.691
587.065 -853.691
574.502 -824.35
574.502 -824.35
551.495 -713.466
551.495 -713.466
550.753 -690.378
540.781 -657.762
540.781 -657.762
539.183 -646
539.183 -646
537.819 -639.487
537.819 -639.487
537.819 -639.487
537.819 -639.487
537.819 -639.487
537.819 -639.487
537.819 -639.487
537.819 -639.487
533.433 -634.154
533.433 -634.154
400.082 -574.696
400.082 -574.696
401.476 -574.381
401.476 -574.381
538.169 -630.124
527.162 -625.273
527.162 -625.273
522.658 -622.772
618.123 -664.967
618.123 -664.967
550.912 -632.317
550.912 -632.317
603.423 -705.753
603.423 -705.753
603.423 -705.753
621.218 -735.033
621.218 -735.033
662.461 -770.863
662.461 -770.863
787.467 -877.606
787.467 -877.606
656.833 -794.326
656.833 -794.326
656.833 -794.326
656.833 -794.326
656.833 -794.326
656.833 -794.326
656.833 -794.326
656.833 -794.326
669.29 -801.385
669.29 -801.385
665.289 -816.404
665.289 -816.404
665.289 -816.404
663.677 -832.714
663.677 -832.714
749.25 -1022.37
749.25 -1022.37
632.893 -870.425
632.893 -870.425
616.334 -810.618
611.551 -791.904
611.551 -791.904
607.813 -782.164
607.813 -782.164
495.406 -511.521
495.406 -511.521
495.406 -511.521
493.457 -508.576
493.457 -508.576
566.38 -534.636
566.38 -534.636
566.38 -534.636
566.38 -534.636
566.38 -534.636
566.38 -534.636
566.38 -534.636
566.38 -534.636
566.38 -534.636
566.38 -534.636
583.328 -542.241
583.328 -542.241
583.328 -542.241
583.328 -542.241
583.328 -542.241
583.328 -542.241
583.328 -542.241
583.328 -542.241
591.355 -545.382
591.355 -545.382
658.345 -569.883
658.345 -569.883
658.345 -569.883
482.118 -501.388
482.118 -501.388
536.429 -527.031
536.429 -527.031
558.246 -537.418
558.246 -537.418
571.259 -543.389
571.259 -543.389
637.705 -574.546
637.705 -574.546
637.705 -574.546
647.845 -577.997
647.845 -577.997
647.845 -577.997
464.087 -482.735
464.087 -482.735
464.087 -482.735
464.087 -482.735
464.087 -482.735
464.087 -482.735
464.087 -482.735
464.087 -482.735
464.087 -482.735
371.848 -433.37
371.848 -433.37
371.848 -433.37
71.4389 -287.183
125.475 -294.728
125.475 -294.728
125.475 -294.728
125.475 -294.728
118.811 -294.069
185.677 -342.618
185.677 -342.618
185.677 -342.618
222.904 -367.98
222.904 -367.98
368.75 -449.515
368.75 -449.515
368.75 -449.515
372.412 -451.48
366.593 -450.107
395.066 -460.923
395.066 -460.923
412.909 -467.976
412.909 -467.976
409.556 -461.425
409.556 -461.425
409.556 -461.425
399.362 -451.509
288.321 -339.297
288.321 -339.297
288.321 -339.297
316.174 -342.938
321.125 -340.213
321.125 -340.213
363.013 -356.146
363.013 -356.146
363.013 -356.146
365.225 -356.888
365.225 -356.888
386.266 -364.017
386.266 -364.017
387.112 -360.574
387.112 -360.574
383.641 -356.279
383.641 -356.279
397.517 -360.684
397.517 -360.684
408.232 -363.595
407.048 -361.142
407.048 -361.142
407.048 -361.142
546.551 -406.493
546.551 -406.493
623.575 -430.109
623.575 -430.109
623.575 -430.109
589.684 -400.678
589.684 -400.678
582.052 -394.367
582.052 -394.367
521.759 -374.265
521.759 -374.265
-58.7803 -244.296
-58.7803 -244.296
-95.6229 -234.376
-243.982 -234.874
-243.982 -234.874
-258.224 -236.596
-258.224 -236.596
-343.613 -238.283
-343.613 -238.283
-201.088 -257.646
-269.001 -252.351
-269.001 -252.351
-269.001 -252.351
-144.303 -255.952
-161.743 -246.583
-161.743 -246.583
-166.2 -242.464
-166.2 -242.464
-166.2 -242.464
-166.2 -242.464
-143.071 -235.262
-143.071 -235.262
-137.576 -236.932
-137.576 -236.932
-78.2163 -246.596
-122.547 -238.924
-122.547 -238.924
-142.636 -234.632
-142.636 -234.632
-142.636 -234.632
-142.636 -234.632
-327.142 -198.307
-327.142 -198.307
-327.142 -198.307
-327.142 -198.307
-327.142 -198.307
-224.636 -215.813
-224.636 -215.813
-204.654 -216.9
-204.654 -216.9
-26.4188 -209.145
523.708 -185.845
523.708 -185.845
523.708 -185.845
525.538 -181.667
525.538 -181.667
525.538 -181.667
525.248 -179.275
525.248 -179.275
527.269 -177.298
527.269 -177.298
528.17 -173.666
528.17 -173.666
529.24 -170.79
529.24 -170.79
529.24 -170.79
530.318 -168.971
537.083 -168.044
537.083 -168.044
537.083 -168.044
537.791 -165.92
537.791 -165.92
551.409 45.7279
551.409 45.7279
545.188 55.1596
545.188 55.1596
544.643 55.4878
544.643 55.4878
543.636 55.2456
543.636 55.2456
542.657 56.18
542.657 56.18
-97.1075 -28.9815
-97.1075 -28.9815
-97.1075 -28.9815
-97.1075 -28.9815
-390.256 -6.1597
-390.256 -6.1597
-423.221 -1.115
-423.221 -1.115
-423.221 -1.115
-475.804 8.2421
-475.804 8.2421
-475.804 8.2421
-481.261 16.3678
-481.261 16.3678
-668.401 66.3593
-668.401 66.3593
-636.69 56.1977
-636.69 56.1977
-641.999 57.2621
-599.714 45.2211
-599.714 45.2211
-599.714 45.2211
-684.83 59.2762
-826.762 93.4805
-826.762 93.4805
-643.679 48.5412
-643.679 48.5412
-643.679 48.5412
-669.157 53.33
-669.157 53.33
-708.79 60.0405
-708.79 60.0405
-312.832 -33.5464
-312.832 -33.5464
-292.301 -37.8172
-292.301 -37.8172
-282.95 -40.2319
-282.95 -40.2319
-331.982 -26.8902
-411.648 -25.7389
-411.648 -25.7389
-411.648 -25.7389
-411.648 -25.7389
-411.648 -25.7389
640 400
640 400
640 400
640 400
640 400
640 400
640 400
640 400
640 400
640 400
640 400
640 400
640 400
640 400
640 400
640 400
640 400
640 400
640 400
640 400
640 400
640 400
640 400
640 400
640 400
640 400
640 400
640 400
640 400
640 400
640 400
640 400
640 400
640 400
640 400
640 400
640 400
640 400
640 400
640 400
640 400
640 400
640 400
640 400
640 400
640 400
640 400
640 400
640 400
640 400
640 400
640 400
640 400
640 400
640 400
640 400
640 400
640 400
640 400
640 400
640 400
640 400
-213.341 -226.8
-213.341 -226.8
-76.8099 -259.433
-76.8099 -259.433
-97.336 -263.1
-97.336 -263.1
-97.336 -263.1
-97.336 -263.1
-123.142 -262.741
50.9948 -320.717
50.9948 -320.717
203.411 -360.658
203.411 -360.658
203.411 -360.658
221.119 -368.337
221.119 -368.337
182.389 -342.298
182.389 -342.298
151.02 -325.545
151.02 -325.545
211.462 -335.59
211.462 -335.59
188.392 -327.996
132.938 -311.998
132.938 -311.998
154.171 -320.381
154.171 -320.381
137.464 -316.188
137.464 -316.188
257.513 -350.641
257.513 -350.641
257.513 -350.641
217.766 -338.166
159.335 -320.385
159.335 -320.385
188.724 -329.666
188.724 -329.666
188.724 -329.666
188.724 -329.666
188.724 -329.666
188.724 -329.666
188.724 -329.666
188.724 -329.666
203.223 -334.354
203.223 -334.354
203.223 -334.354
262.472 -349.224
262.472 -349.224
-317.584 -71.1427
-317.584 -71.1427
-317.435 -73.4254
-317.435 -73.4254
-317.435 -73.4254
-295.967 -79.3151
-295.967 -79.3151
-342.912 -68.3382
-308.443 -77.0417
-308.443 -77.0417
-308.443 -77.0417
-292.6 -70.23
-292.6 -70.23
-292.6 -70.23
-287.782 -71.2219
-287.782 -71.2219
-267.502 -75.9598
-224.9 -86.8206
-224.9 -86.8206
-224.9 -86.8206
-261.821 -81.2386
-261.821 -81.2386
-261.821 -81.2386
-229.95 -89.2151
-159.133 -105.132
-159.133 -105.132
-159.133 -105.132
-159.133 -105.132
-184.845 -100.038
-184.845 -100.038
-184.845 -100.038
-184.845 -100.038
-184.845 -100.038
-184.845 -100.038
-184.845 -100.038
-184.845 -100.038
-200.055 -109.435
-43.582 -158.798
-43.582 -158.798
-43.582 -158.798
35.8885 -165.288
35.8885 -165.288
55.7828 -166.068
55.7828 -166.068
93.2519 -168.734
93.2519 -168.734
93.2519 -168.734
130.442 -169.165
130.442 -169.165
247.515 -168.921
247.515 -168.921
369.097 -221.092
369.097 -221.092
312.218 -197.929
312.218 -197.929
312.218 -197.929
302.558 -192.948
302.558 -192.948
294.771 -187.547
294.771 -187.547
293.774 -184.71
293.774 -184.71
416.143 -222.464
416.143 -222.464
300.335 -129.577
300.335 -129.577
300.335 -129.577
372.389 -155.213
372.389 -155.213
392.01 -160.389
392.01 -160.389
397.871 -160.582
397.871 -160.582
410.454 -163.842
410.454 -163.842
480.33 -186.602
480.33 -186.602
480.33 -186.602
478.571 -178.253
478.571 -178.253
533.98 -200.537
533.98 -200.537
534.868 -189.811
534.868 -189.811
534.868 -189.811
531.368 -178.074
673.165 -218.48
673.165 -218.48
673.165 -218.48
629.384 -191.215
629.384 -191.215
641.1 -194.395
641.1 -194.395
647.756 -194.833
647.756 -194.833
628.455 -182.059
628.455 -182.059
764.351 -232.583
764.351 -232.583
764.351 -232.583
645.266 -113.968
645.266 -113.968
636.555 -108.681
636.555 -108.681
605.713 -100.303
605.713 -100.303
588.226 -104.731
583.061 -111.506
583.061 -111.506
564.313 -107.25
564.313 -107.25
564.313 -107.25
551.16 -105.93
551.16 -105.93
386.943 -60.8828
498.732 -100.73
498.732 -100.73
498.732 -100.73
483.144 -92.4924
483.144 -92.4924
483.144 -92.4924
477.888 -88.5314
476.343 -87.4979
476.343 -87.4979
476.343 -87.4979
461.112 -80.5825
461.112 -80.5825
590.742 -139.306
590.742 -139.306
521.142 -104.937
521.142 -104.937
521.142 -104.937
521.142 -104.937
521.142 -104.937
521.142 -104.937
521.142 -104.937
521.142 -104.937
521.142 -104.937
561.965 -123.24
561.965 -123.24
561.965 -123.24
556.141 -118.373
583.136 -122.123
583.136 -122.123
583.136 -122.123
673.193 -120.518
673.193 -120.518
696.057 -128.228
696.057 -128.228
696.057 -128.228
690.127 -120.295
690.127 -120.295
691.47 -114.923
691.47 -114.923
691.47 -114.923
709.164 -102.527
709.164 -102.527
709.164 -102.527
713.291 -97.5575
713.291 -97.5575
707.106 -87.4138
707.106 -87.4138
714.149 -86.0517
714.149 -86.0517
714.149 -86.0517
721.453 -85.4295
853.33 -128.167
853.33 -128.167
853.33 -128.167
697.503 -32.9118
697.503 -32.9118
729.959 -48.8492
729.959 -48.8492
729.959 -48.8492
739.196 -52.0819
748.976 -55.6719
748.976 -55.6719
760.476 -59.9843
760.476 -59.9843
765.841 -61.0409
765.841 -61.0409
765.841 -61.0409
768.632 -60.8618
768.632 -60.8618
771.924 -60.9125
771.924 -60.9125
775.383 -60.8644
775.383 -60.8644
775.383 -60.8644
777.959 -60.4093
782.481 -60.799
782.481 -60.799
782.481 -60.799
784.495 -60.0079
784.495 -60.0079
788.508 -59.9815
788.508 -59.9815
791.144 -57.1429
791.144 -57.1429
792.801 -54.1863
792.801 -54.1863
794.697 -51.7136
794.697 -51.7136
794.697 -51.7136
797.577 -49.9819
797.577 -49.9819
799.305 -48.2641
799.305 -48.2641
801.835 -46.9975
801.835 -46.9975
801.835 -46.9975
804.681 -45.8791
804.681 -45.8791
804.296 -43.6561
804.296 -43.6561
806.523 -42.4368
806.523 -42.4368
838.915 -31.2562
838.915 -31.2562
838.915 -31.2562
803.338 -16.4452
803.338 -16.4452
850.597 -34.8594
840.137 -28.2464
840.137 -28.2464
783.115 -48.8749
783.115 -48.8749
783.115 -48.8749
614.74 -108.137
622.621 -110.135
622.621 -110.135
577.203 -98.4901
577.203 -98.4901
591.195 -102.849
591.195 -102.849
591.195 -102.849
599.733 -105.142
604.063 -105.267
604.063 -105.267
608.31 -105.025
609.783 -104.46
609.783 -104.46
609.783 -104.46
608.265 -102.979
608.265 -102.979
608.265 -102.979
607.068 -101.824
606.794 -101.115
606.794 -101.115
606.794 -101.115
605.915 -100.295
608.497 -100.895
608.497 -100.895
608.362 -100.46
608.362 -100.46
608.362 -100.46
608.834 -100.606
608.834 -100.606
608.834 -100.606
608.834 -100.606
608.834 -100.606
608.834 -100.606
608.834 -100.606
608.834 -100.606
608.834 -100.606
608.834 -100.606
608.965 -98.6874
608.176 -101.548
608.176 -101.548
608.176 -101.548
689.988 -241.44
585.697 -152.987
585.697 -152.987
585.697 -152.987
589.931 -146.216
589.931 -146.216
595.309 -144.371
595.309 -144.371
597.483 -142.98
597.483 -142.98
618.065 -153.727
618.065 -153.727
571.918 -107.492
571.918 -107.492
520.526 -96.8504
520.526 -96.8504
565.444 -103.086
565.444 -103.086
571.718 -103.23
570.556 -101.784
570.556 -101.784
616.592 -105.243
616.592 -105.243
517.41 -82.15
517.41 -82.15
575.159 -89.7793
583.55 -89.0735
583.55 -89.0735
583.55 -89.0735
594.325 -90.0729
594.325 -90.0729
594.325 -90.0729
593.397 -89.0625
593.18 -87.9111
593.18 -87.9111
593.18 -87.9111
594.839 -87.2766
594.839 -87.2766
594.523 -86.2675
594.523 -86.2675
605.216 -86.7897
605.216 -86.7897
605.216 -86.7897
603.365 -85.263
603.365 -85.263
602.166 -83.7651
602.166 -83.7651
599.378 -81.9151
599.378 -81.9151
606.681 -81.4183
606.681 -81.4183
602.994 -76.4111
602.994 -76.4111
498.509 8.3214
498.509 8.3214
498.509 8.3214
498.509 8.3214
567.003 -19.046
532.377 -6.2218
532.377 -6.2218
558.054 -14.6198
558.054 -14.6198
566.692 -16.5174
566.692 -16.5174
554.245 -10.9623
554.245 -10.9623
554.245 -10.9623
563.592 -13.0895
563.592 -13.0895
555.58 -9.4099
555.58 -9.4099
555.58 -9.4099
549.708 -6.1343
545.224 -3.2909
545.224 -3.2909
545.224 -3.2909
546.916 -2.2423
546.916 -2.2423
555.646 -2.9178
555.646 -2.9178
552.59 -0.5635
552.59 -0.5635
550.133 1.6693
550.133 1.6693
554.029 2.4444
554.029 2.4444
558.951 3.1729
558.951 3.1729
565.022 3.7617
565.022 3.7617
565.022 3.7617
568.723 4.8305
568.723 4.8305
568.723 4.8305
568.723 4.8305
568.723 4.8305
568.723 4.8305
568.723 4.8305
568.723 4.8305
568.723 4.8305
570.98 6.1741
570.98 6.1741
568.736 8.2087
568.736 8.2087
701.779 9.2163
701.779 9.2163
574.678 33.1282
574.678 33.1282
574.678 33.1282
574.083 34.8198
574.083 34.8198
574.083 34.8198
579.827 35.4366
565.542 39.6792
565.542 39.6792
565.542 39.6792
566.601 41.2344
568.151 42.5664
568.151 42.5664
568.151 42.5664
583.732 41.0473
583.732 41.0473
586.864 41.8969
586.864 41.8969
587.083 43.269
587.083 43.269
587.083 43.269
585.268 45.0336
585.268 45.0336
583.547 46.6566
583.547 46.6566
581.241 48.3944
581.241 48.3944
579.126 49.9755
579.126 49.9755
579.126 49.9755
576.477 51.6469
576.477 51.6469
555.514 66.8317
555.514 66.8317
547.745 69.2347
547.745 69.2347
547.145 71.3189
547.145 71.3189
606.903 153.298
606.903 153.298
606.903 153.298
637.503 192.984
637.503 192.984
724.36 313.851
724.36 313.851
733.526 308.543
733.526 308.543
730.693 309.204
730.693 309.204
730.693 309.204
728.467 312.456
728.467 312.456
726.643 312.201
726.698 310.165
726.698 310.165
725.294 310.044
725.294 310.044
725.294 310.044
727.708 305.771
727.708 305.771
727.708 305.771
730.379 302.379
730.379 302.379
730.379 302.379
730.379 302.379
730.379 302.379
730.379 302.379
730.379 302.379
730.379 302.379
731.439 301.797
732.881 301.231
732.881 301.231
734.488 300.734
734.488 300.734
734.995 300.739
734.995 300.739
735.201 300.404
735.201 300.404
735.201 300.404
735.201 300.404
735.162 299.912
734.602 299.882
734.602 299.882
733.963 299.638
733.963 299.638
733.337 299.083
733.337 299.083
732.468 298.729
732.468 298.729
731.514 298.295
731.514 298.295
731.514 298.295
730.515 297.661
730.515 297.661
729.288 297.54
729.288 297.54
728.118 297.067
728.118 297.067
726.761 296.337
726.761 296.337
725.57 295.249
725.57 295.249
723.619 293.378
723.619 293.378
723.619 293.378
518.021 52.2136
518.021 52.2136
516.154 48.7428
516.154 48.7428
515.372 48.6217
515.372 48.6217
515.635 48.6819
515.635 48.6819
515.635 48.6819
516.272 48.0303
516.272 48.0303
521.208 63.6851
521.208 63.6851
521.208 63.6851
530.149 56.7423
528.76 51.8546
528.76 51.8546
528.76 51.8546
526.978 48.5085
526.978 48.5085
525.83 44.7604
525.83 44.7604
525.83 44.7604
524.987 43.0946
524.472 41.8292
524.472 41.8292
524.472 41.8292
524.22 40.5071
523.937 38.8306
523.937 38.8306
523.937 38.8306
523.762 34.9844
523.762 34.9844
523.458 32.8947
523.458 32.8947
523.458 32.8947
523.238 30.3828
523.238 30.3828
523.238 30.3828
522.915 29.3407
522.599 28.4487
522.599 28.4487
522.599 28.4487
522.229 28.1313
522.229 28.1313
521.863 27.7595
521.511 27.5425
521.511 27.5425
521.511 27.5425
521.21 27.5227
521.21 27.5227
520.914 27.3682
520.914 27.3682
520.632 27.3062
520.632 27.3062
520.632 27.3062
520.437 26.6471
520.437 26.6471
520.437 26.6471
520.235 26.1583
519.943 26.3921
519.943 26.3921
519.357 27.0516
519.357 27.0516
518.786 27.0141
518.786 27.0141
717.467 -171.762
717.467 -171.762
717.467 -171.762
717.467 -171.762
717.467 -171.762
717.467 -171.762
717.467 -171.762
717.467 -171.762
717.467 -171.762
717.467 -171.762
717.467 -171.762
717.467 -171.762
717.467 -171.762
715.958 -179.698
697.988 -148.99
697.988 -148.99
697.988 -148.99
687.274 -125.576
640 400
640 400
640 400
640 400
679.884 -125.386
679.884 -125.386
679.884 -125.386
609.904 93.2253
610.485 89.6915
611.899 97.1287
611.899 97.1287
612.079 100.382
612.079 100.382
611.556 101.369
611.556 101.369
611.556 101.369
609.375 109.966
608.404 111.356
608.404 111.356
608.404 111.356
608.52 113.928
608.429 113.74
608.429 113.74
608.429 113.74
608.876 114.522
608.876 114.522
609.242 115.355
609.242 115.355
608.755 114.354
608.755 114.354
608.755 114.354
609.072 114.325
609.072 114.325
609.351 114.305
609.351 114.305
609.044 113.691
609.246 114.076
609.246 114.076
609.278 114.1
609.278 114.1
609.494 114.453
609.494 114.453
609.494 114.453
609.971 115.142
609.971 115.142
609.971 115.142
609.475 115.757
609.475 115.757
609.337 116.13
608.894 116.227
608.894 116.227
608.207 115.75
608.207 115.75
608.144 116.088
608.144 116.088
607.787 115.993
607.787 115.993
607.787 115.993
607.864 116.57
607.864 116.57
607.772 116.921
607.772 116.921
607.772 116.921
607.772 116.921
607.772 116.921
607.772 116.921
607.772 116.921
607.772 116.921
607.772 116.921
607.772 116.921
607.823 117.496
607.653 117.869
607.653 117.869
607.428 118.043
607.428 118.043
606.872 117.645
606.872 117.645
606.872 117.645
606.872 117.645
607.109 118.491
607.09 118.954
607.09 118.954
606.994 119.013
606.994 119.013
606.994 119.013
607.352 120.399
607.543 121.139
607.543 121.139
607.742 121.522
607.742 121.522
608.265 122.847
608.265 122.847
608.265 122.847
608.57 123.379
610.201 126.528
610.201 126.528
610.201 126.528
610.201 126.528
823.629 603.987
827.998 605.301
827.388 606.029
826.639 605.62
826.639 605.62
826.639 605.62
819.422 601.451
819.422 601.451
819.422 601.451
819.422 601.451
819.422 601.451
819.422 601.451
819.422 601.451
819.422 601.451
818.149 600.32
815.705 602.532
815.705 602.532
813.991 605.88
813.991 605.88
814.028 599.966
813.45 598.956
813.45 598.956
813.45 598.956
813.064 598.284
812.775 597.878
812.67 596.076
812.283 596.247
812.283 596.247
811.842 596.76
811.485 597.065
811.485 597.065
811.485 597.065
810.725 597.215
810.725 597.215
774.545 235.314
774.545 235.314
771.331 237.781
771.331 237.781
770.487 233.093
770.487 233.093
770.487 233.093
770.495 231.877
770.495 231.877
771.515 231.185
771.515 231.185
778.496 236.503
778.496 236.503
777.09 236.073
777.09 236.073
778.652 238.654
778.652 238.654
777.852 237.57
777.852 237.57
777.852 237.57
777.852 237.57
778.348 236.338
781.787 240.303
781.787 240.303
781.787 240.303
782.227 239.225
782.227 239.225
782.5 238.401
782.5 238.401
782.465 237.475
782.465 237.475
782.234 236.178
782.234 236.178
782.29 235.571
782.29 235.571
782.29 235.571
782.186 234.868
782.186 234.868
782.186 234.868
782.186 234.868
782.186 234.868
782.186 234.868
782.186 234.868
782.186 234.868
782.186 234.868
782.229 234.505
781.228 232.64
781.228 232.64
781.454 232.721
781.454 232.721
781.695 232.928
781.695 232.928
781.014 231.674
781.014 231.674
781.014 231.674
781.094 231.749
781.094 231.749
781.094 231.749
781.094 231.749
781.094 231.749
781.094 231.749
781.094 231.749
781.094 231.749
781.094 231.749
781.021 231.634
781.021 231.634
780.377 230.756
780.377 230.756
780.377 230.756
779.622 229.91
779.622 229.91
779.639 230.167
779.639 230.167
779.639 230.167
779.505 230.063
779.505 230.063
779.505 230.063
779.505 230.063
779.505 230.063
779.505 230.063
779.505 230.063
779.505 230.063
779.505 230.063
779.505 230.063
779.472 230.204
779.472 230.204
780.017 231.286
780.017 231.286
779.946 231.769
780.05 232.571
780.05 232.571
779.804 233.026
779.804 233.026
779.804 233.026
779.504 233.483
779.504 233.483
779.166 233.876
779.166 233.876
779.166 233.876
