0 0
0 0
0 0
0 0
800.165 351.332
800.407 347.881
800.407 347.881
800.407 347.881
799.503 347.549
800.957 347.583
800.957 347.583
801.749 347.861
801.749 347.861
800.898 348.891
800.898 348.891
800.149 349.789
799.726 350.055
799.726 350.055
798.547 350.417
798.547 350.417
798.694 350.673
798.694 350.673
798.694 350.673
798.4 351.018
798.4 351.018
798.439 351.241
798.439 351.241
798.211 351.439
798.211 351.439
798.211 351.439
798.074 351.518
798.516 351.582
798.129 351.51
798.129 351.51
798.129 351.51
797.359 351.327
797.359 351.327
797.087 351.185
797.087 351.185
797.087 351.185
796.884 351.052
796.884 351.052
796.502 350.888
796.607 350.993
796.607 350.993
796.694 351.181
796.43 351.075
796.43 351.075
796.393 350.992
796.393 350.992
795.983 350.661
795.983 350.661
795.461 349.995
795.461 349.995
795.205 349.573
795.205 349.573
795.205 349.573
794.896 349.204
794.896 349.204
794.665 348.793
794.665 348.793
794.463 348.438
794.463 348.438
794.44 348.067
794.44 348.067
794.44 348.067
794.057 347.801
794.057 347.801
793.861 347.529
793.456 347.403
793.456 347.403
793.456 347.403
793.333 347.122
793.333 347.122
793.077 346.958
793.077 346.958
793.077 346.958
792.579 346.892
792.248 346.99
792.248 346.99
792.248 346.99
791.822 346.921
624.086 -24.1619
624.086 -24.1619
624.086 -24.1619
624.086 -24.1619
624.086 -24.1619
618.944 -177.449
618.944 -177.449
753.309 -402.598
753.309 -402.598
753.309 -402.598
761.038 -441.597
792.852 -494.637
792.852 -494.637
789.255 -617.927
789.255 -617.927
789.255 -617.927
710.243 -596.842
710.243 -596.842
770.42 -604.454
770.42 -604.454
777.66 -606.84
777.66 -606.84
779.413 -607.881
779.413 -607.881
790.107 -610.233
790.107 -610.233
790.107 -610.233
792.766 -610.672
792.766 -610.672
798.809 -611.68
798.809 -611.68
886.197 -626.589
886.197 -626.589
887.588 -627.394
887.588 -627.394
887.588 -627.394
845.232 -619.066
845.232 -619.066
856.412 -620.15
856.412 -620.15
865.439 -621.222
865.439 -621.222
865.439 -621.222
851.139 -618.201
851.139 -618.201
840.967 -615.769
840.967 -615.769
840.967 -615.769
848.449 -616.627
848.449 -616.627
848.449 -616.627
848.449 -616.627
848.449 -616.627
848.449 -616.627
848.449 -616.627
840.575 -613.747
840.575 -613.747
840.575 -613.747
-8.5185 123.926
-8.5185 123.926
-4.3595 125.975
-4.3595 125.975
-4.3595 125.975
-5.692 125.781
-5.692 125.781
-10.7392 125.119
-10.7392 125.119
-9.604 124.218
-9.604 124.218
-43.8096 26.2146
-43.8096 26.2146
-41.4289 26.972
-41.4289 26.972
-42.68 24.7476
-42.68 24.7476
-42.3241 23.792
-42.3241 23.792
-42.3241 23.792
-42.3241 23.792
-41.9753 22.9136
-42.1891 22.3445
-42.1891 22.3445
-42.1891 22.3445
-42.3171 21.685
676.675 596.354
676.675 596.354
681.642 624.742
681.642 624.742
681.642 624.742
681.972 628.698
681.972 628.698
680.411 631.476
680.411 631.476
680.649 636.076
680.649 636.076
677.502 655.952
677.502 655.952
677.502 655.952
541.268 498.642
541.268 498.642
440.324 420.06
440.324 420.06
440.324 420.06
371.925 367.003
266.358 283.997
266.358 283.997
-59.6962 35.3484
-59.6962 35.3484
-59.6962 35.3484
-56.1988 40.8811
-56.1988 40.8811
-58.6695 41.5569
-58.6695 41.5569
-58.6695 41.5569
-61.3076 41.8271
-60.1328 42.1053
-60.1328 42.1053
-60.1328 42.1053
-58.0045 42.1152
-58.0045 42.1152
-56.7755 42.8485
-56.7755 42.8485
-56.7755 42.8485
-56.7755 42.8485
-55.8346 43.4512
-55.086 43.8599
-55.086 43.8599
-54.7948 44.2642
-54.7948 44.2642
-55.1648 44.7691
-55.1648 44.7691
-54.7294 44.6853
-54.7294 44.6853
-55.3676 45.3883
-55.3676 45.3883
-55.1711 45.6222
-55.1711 45.6222
-55.1711 45.6222
-55.1711 45.6222
-54.9467 45.6942
-54.5026 46.0547
-54.5026 46.0547
-54.5026 46.0547
640 400
640 400
640 400
193.664 -390.237
193.664 -390.237
193.664 -390.237
499.539 -510.796
499.539 -510.796
499.539 -510.796
499.539 -510.796
499.539 -510.796
499.539 -510.796
499.539 -510.796
499.539 -510.796
499.539 -510.796
377.868 -470.693
377.868 -470.693
400.306 -478.29
400.306 -478.29
400.306 -478.29
452.464 -495.9
438.324 -497.579
438.324 -497.579
497.605 -509.638
497.605 -509.638
497.605 -509.638
622.218 -523.795
622.218 -523.795
652.209 -522.398
652.209 -522.398
711.87 -530.675
711.87 -530.675
771.914 -507.69
771.914 -507.69
771.914 -507.69
693.795 -480.584
693.795 -480.584
768.091 -502.285
768.091 -502.285
768.091 -502.285
768.091 -502.285
789.5 -508.848
767.735 -502.917
767.735 -502.917
700.73 -481.954
700.73 -481.954
844.35 -521.501
844.35 -521.501
772.247 -498.933
772.247 -498.933
772.247 -498.933
747.929 -490.85
753.322 -491.606
753.322 -491.606
753.322 -491.606
761.723 -493.648
761.723 -493.648
770.869 -496.181
770.869 -496.181
770.869 -496.181
775.951 -497.574
775.905 -497.467
775.905 -497.467
778.036 -498.092
778.036 -498.092
778.63 -498.199
778.63 -498.199
778.63 -498.199
781.427 -498.998
781.427 -498.998
783.242 -499.484
783.242 -499.484
783.242 -499.484
784.828 -499.567
784.828 -499.567
1153.94 -266.864
1153.94 -266.864
1153.86 -265.669
1153.86 -265.669
1153.86 -265.669
1179.14 -276.047
1179.14 -276.047
1181.98 -280.502
1181.98 -280.502
1232.25 -297.9
1232.25 -297.9
1368.59 -359.1
1368.59 -359.1
1496.94 -428.23
1496.94 -428.23
1479.41 -419.209
1479.41 -419.209
1470.5 -415.028
1470.5 -415.028
1470.5 -415.028
1449.51 -406.846
1449.51 -406.846
1453.03 -409.064
1453.03 -409.064
1341.37 -851.897
1341.37 -851.897
1344.09 -844.883
1344.09 -844.883
1344.09 -844.883
1343.97 -845.739
1343.97 -845.739
1344.5 -844.611
1344.5 -844.611
1373.96 -797.225
1373.96 -797.225
1346.74 -847.969
1346.74 -847.969
1344.97 -853.902
1344.97 -853.902
1344.97 -853.902
1344.25 -853.664
1344.25 -853.664
1349.15 -842.508
1349.15 -842.508
1349.15 -842.508
1349.15 -842.508
1349.15 -842.508
1349.15 -842.508
1349.15 -842.508
1349.15 -842.508
1349.15 -842.508
1349.15 -842.508
1349.15 -842.508
1349.15 -842.508
1349.15 -842.508
1349.15 -842.508
1349.15 -842.508
1349.15 -842.508
1349.15 -842.508
1349.15 -842.508
1349.15 -842.508
1349.15 -842.508
1349.15 -842.508
1349.15 -842.508
1349.15 -842.508
1349.15 -842.508
1349.15 -842.508
1349.15 -842.508
1349.15 -842.508
1349.15 -842.508
1349.15 -842.508
1349.15 -842.508
1349.15 -842.508
1349.15 -842.508
1349.15 -842.508
1349.15 -842.508
1349.15 -842.508
1349.15 -842.508
1349.15 -842.508
1349.15 -842.508
1349.15 -842.508
1349.15 -842.508
1349.15 -842.508
1349.15 -842.508
1349.15 -842.508
1349.15 -842.508
1349.15 -842.508
1349.15 -842.508
1349.15 -842.508
1349.15 -842.508
1349.15 -842.508
1349.15 -842.508
1349.15 -842.508
1349.15 -842.508
1349.15 -842.508
1349.15 -842.508
1349.15 -842.508
1377.45 -795.461
1377.45 -795.461
1377.45 -795.461
1250.89 -145.293
1240.55 -139.922
1240.55 -139.922
1240.55 -139.922
1240.55 -139.922
1256.23 -141.417
1250 -139.452
1250 -139.452
1244.99 -136.778
1244.99 -136.778
1222.24 -124.585
1222.24 -124.585
1224.24 -125.86
1224.24 -125.86
1224.24 -125.86
1224.24 -125.86
1221.63 -129.635
1219.26 -132.107
1219.26 -132.107
1219.26 -132.107
1221.15 -134.313
1221.15 -134.313
1216.48 -136.163
1216.48 -136.163
1217.41 -137.128
1217.41 -137.128
1217.41 -137.128
1218.32 -138.383
1819.36 -478.638
1819.36 -478.638
1819.36 -478.638
640 400
640 400
640 400
640 400
640 400
640 400
1621.53 -483.717
1621.53 -483.717
1621.53 -483.717
1606.81 -529.706
1606.81 -529.706
1606.81 -529.706
1606.81 -529.706
1606.81 -529.706
1596.45 -561.134
1596.45 -561.134
1596.45 -561.134
1596.45 -561.134
1596.45 -561.134
1596.45 -561.134
1596.45 -561.134
1596.45 -561.134
1596.45 -561.134
1596.45 -561.134
1596.45 -561.134
1596.45 -561.134
1596.45 -561.134
1596.45 -561.134
1596.45 -561.134
1666.24 -602.168
1233.09 -149.326
1233.09 -149.326
1406.51 -285.7
1406.51 -285.7
1313.02 -204.78
1313.02 -204.78
1313.02 -204.78
1313.02 -204.78
1291.26 -183.75
1287.37 -176.437
1287.37 -176.437
1243.33 -112.128
1243.33 -112.128
1243.33 -112.128
1244.05 -124.906
1251.87 -134.234
1251.87 -134.234
1251.87 -134.234
1243.48 -128.583
1243.48 -128.583
1239.38 -124.67
1239.38 -124.67
1239.38 -124.67
1241.14 -125.192
1241.14 -125.192
1246.63 -129.354
1246.63 -129.354
1244.33 -127.38
1244.33 -127.38
1243.39 -125.926
1243.39 -125.926
1245.35 -127.288
1245.35 -127.288
1245.35 -127.288
1245.35 -127.288
1245.35 -127.288
1245.35 -127.288
1245.35 -127.288
1245.35 -127.288
1245.35 -127.288
1245.35 -127.288
1245.35 -127.288
1245.35 -127.288
1245.35 -127.288
1245.35 -127.288
1245.35 -127.288
1245.35 -127.288
810.387 -348.379
810.387 -348.379
531.948 -205.963
531.948 -205.963
437.735 -174.356
437.735 -174.356
373.909 -152.533
373.909 -152.533
373.909 -152.533
272.918 -120.603
272.918 -120.603
272.918 -120.603
-24.1229 7.6418
-21.3322 7.8181
-21.3322 7.8181
-21.3322 7.8181
-32.9171 8.3908
640 400
640 400
640 400
-26.3806 6.7027
-26.3806 6.7027
-25.2093 6.1272
-25.2093 6.1272
-23.5703 5.5754
-23.5703 5.5754
-21.8873 4.7199
-21.8873 4.7199
-21.8873 4.7199
-996.756 -37.1112
-996.756 -37.1112
-718.034 -9.0191
-718.034 -9.0191
-717.16 -13.201
-717.16 -13.201
-717.16 -13.201
-717.16 -13.201
-716.752 -16
-637.896 -15.5154
-637.896 -15.5154
-711.083 -34.4261
-711.083 -34.4261
-721.31 -31.6513
-721.31 -31.6513
-721.913 -31.4377
-721.913 -31.4377
-721.913 -31.4377
-723.014 -31.1185
-723.014 -31.1185
-962.623 -24.4496
-962.623 -24.4496
-1821.76 29.3487
-1821.76 29.3487
-1886.39 43.435
-1886.39 43.435
-1396.26 76.3376
-1396.26 76.3376
-1396.26 76.3376
-1230.99 87.1759
-1230.99 87.1759
-1147.86 92.8086
-1147.86 92.8086
-908.216 110.316
-908.216 110.316
-1488.57 94.7899
-1488.57 94.7899
-1203.04 103.763
-1203.04 103.763
-1203.04 103.763
-1109.34 108.447
-1109.34 108.447
-1062.84 111.272
-1062.84 111.272
-927.454 118.007
-927.454 118.007
-929.619 119.117
-929.619 119.117
-929.619 119.117
-929.986 119.616
-929.986 119.616
-930.568 119.824
-930.568 119.824
-930.568 119.824
-930.568 119.824
-930.568 119.824
-930.568 119.824
-930.568 119.824
-930.568 119.824
-930.568 119.824
-930.568 119.824
-930.568 119.824
-930.568 119.824
-930.568 119.824
-930.568 119.824
-930.568 119.824
-930.568 119.824
-930.568 119.824
-930.568 119.824
-845.278 55.2221
-845.278 55.2221
-124.14 -208.934
-124.14 -208.934
-219.079 -205.226
-219.079 -205.226
-290.408 -200.758
-290.408 -200.758
-173.835 -210.416
-173.835 -210.416
-173.835 -210.416
-198.711 -212.224
-198.711 -212.224
-60.0295 -221.667
-60.0295 -221.667
-78.3549 -223.671
-78.3549 -223.671
-78.3549 -223.671
-75.962 -224.454
-65.8455 -225.678
-65.8455 -225.678
-65.8455 -225.678
-88.9523 -224.008
-88.9523 -224.008
-93.136 -224.097
-93.136 -224.097
-82.2045 -225.477
-82.2045 -225.477
-82.2045 -225.477
-9.4279 -231.847
-9.4279 -231.847
-98.2183 -224.37
-98.2183 -224.37
-143.182 -220.694
-143.182 -220.694
59.3353 -236.187
59.3353 -236.187
-277.331 -208.651
-277.331 -208.651
-198.48 -214.739
-198.48 -214.739
-167.253 -217.011
-167.253 -217.011
-167.253 -217.011
-151.199 -217.987
-151.199 -217.987
56.1047 -232.224
56.1047 -232.224
56.1047 -232.224
-79.5397 -221.141
-79.5397 -221.141
-58.708 -222.519
-58.708 -222.519
-73.6573 -221.145
-73.6573 -221.145
-89.6618 -219.593
-89.6618 -219.593
-89.6618 -219.593
-84.7026 -219.63
-84.7026 -219.63
-89.2391 -218.892
-89.2391 -218.892
-284.547 -201.189
-284.547 -201.189
-84.6373 -215.497
-84.6373 -215.497
-17.5507 -219.958
-17.5507 -219.958
-17.5507 -219.958
-108.288 -213.025
-108.288 -213.025
-142.181 -210.162
-142.181 -210.162
-291.464 -198.065
-291.464 -198.065
-292.39 -197.368
-292.39 -197.368
-292.7 -196.77
-292.7 -196.77
-292.7 -196.77
-181.164 -203.359
-181.164 -203.359
-169.432 -202.74
-169.432 -202.74
-169.432 -202.74
-169.432 -202.74
-169.432 -202.74
-169.432 -202.74
-169.432 -202.74
-169.432 -202.74
-169.432 -202.74
1709.92 -22.7255
1709.92 -22.7255
1709.92 -22.7255
1641.97 -229.444
1639.23 -242.153
1639.23 -242.153
1634.45 -258.684
1634.45 -258.684
1634.45 -258.684
1429.97 -258.626
1429.97 -258.626
1632.37 -285.449
1632.37 -285.449
1779.15 -546.603
1779.15 -546.603
1781.51 -534.479
1781.51 -534.479
1781.51 -534.479
1781.51 -534.479
1779.66 -523.439
1803.54 -554.759
1803.54 -554.759
1803.54 -554.759
1641.2 -276.453
1623.4 -323.286
1623.4 -323.286
1619.72 -330.917
1619.72 -330.917
1619.72 -330.917
1616.75 -337.568
1616.75 -337.568
1683.64 -399.38
1683.64 -399.38
1613.37 -342.281
1613.37 -342.281
1612.82 -343.624
1612.82 -343.624
1612.82 -343.624
1614.99 -339.374
1615.02 -339.637
1615.02 -339.637
1615.02 -339.637
1615.02 -339.637
1614.58 -340.435
1611.45 -346.568
1611.45 -346.568
1611.45 -346.568
1611.48 -346.777
1611.48 -346.777
1611.37 -347.284
1611.37 -347.284
1611.37 -347.284
1611.19 -348.234
1611.76 -347.12
1611.76 -347.12
1612.13 -346.819
1612.13 -346.819
1612.13 -346.819
1612.23 -347.144
1612.23 -347.776
1612.23 -347.776
1612.23 -347.776
1612.13 -348.646
1612.13 -348.646
1612.04 -349.467
1612.04 -349.467
1612.04 -349.467
1611.97 -350.292
1611.91 -351.179
1611.91 -351.179
1611.91 -351.179
1611.91 -351.179
1611.81 -352.176
1611.51 -353.276
1611.51 -353.276
1610.88 -354.415
1610.88 -354.415
1610.12 -355.159
1609.22 -355.614
1609.22 -355.614
1608.24 -355.648
1608.24 -355.648
1611.02 -357.552
1611.02 -357.552
1352.98 -167.624
1352.98 -167.624
1352.98 -167.624
1352.98 -167.624
1352.98 -167.624
1352.98 -167.624
1352.98 -167.624
1352.98 -167.624
1352.98 -167.624
1364.48 -166.782
1364.48 -166.782
1364.48 -166.782
1283.67 -123.633
1283.67 -123.633
1270.24 -114.392
1270.24 -114.392
1270.24 -114.392
1272.41 -110.101
695.141 -107.415
695.141 -107.415
695.141 -107.415
229.801 -88.8534
229.801 -88.8534
141.137 -81.047
141.137 -81.047
65.3995 -70.5928
65.3995 -70.5928
16.8603 -62.6823
16.8603 -62.6823
16.8603 -62.6823
16.8603 -62.6823
16.8603 -62.6823
-271.54 -38.3119
-271.54 -38.3119
-196.682 -36.4428
-196.682 -36.4428
-232.096 -38.21
-232.096 -38.21
-216.493 -35.7367
-216.493 -35.7367
-206.157 -34.225
-206.157 -34.225
-206.157 -34.225
-219.706 -34.9704
-219.706 -34.9704
-202.083 -34.4469
-202.083 -34.4469
-189.225 -33.9651
-189.225 -33.9651
-186.592 -33.88
-186.592 -33.88
-188.327 -33.8516
-188.327 -33.8516
-188.323 -33.7634
-188.323 -33.7634
-188.323 -33.7634
-184.929 -33.6116
-184.929 -33.6116
-177.649 -33.5396
-177.649 -33.5396
-177.649 -33.5396
-171.147 -33.4287
-104.902 -32.3124
-104.902 -32.3124
-103.989 -32.3183
-103.989 -32.3183
-103.989 -32.3183
-144.372 -30.9136
-144.372 -30.9136
-154.214 -30.4275
-154.214 -30.4275
-154.214 -30.4275
-197.045 -28.2346
-197.045 -28.2346
-185.153 -28.5619
-185.153 -28.5619
-185.153 -28.5619
-95.9746 -32.8874
-140.559 -29.8487
-140.559 -29.8487
-140.559 -29.8487
-169.42 -27.7907
-181.116 -26.7707
-181.116 -26.7707
-181.116 -26.7707
-243.27 -21.3512
-243.27 -21.3512
-211.596 -23.2919
-211.596 -23.2919
-285.332 -17.0835
-285.332 -17.0835
-273.756 -18.0219
-273.756 -18.0219
-257.504 -19.1681
-257.504 -19.1681
-257.504 -19.1681
-249.412 -18.6174
-249.412 -18.6174
-221.568 -21.5204
-221.568 -21.5204
182.565 -93.5291
182.565 -93.5291
182.565 -93.5291
182.565 -93.5291
182.565 -93.5291
182.565 -93.5291
182.565 -93.5291
182.565 -93.5291
182.565 -93.5291
182.565 -93.5291
321.407 -118.879
387.816 -130.662
387.816 -130.662
613.542 -160.429
613.542 -160.429
598.393 -152.036
598.393 -152.036
599.993 -151.03
599.993 -151.03
599.022 -151.815
599.022 -151.815
598.944 -152.457
598.944 -152.457
598.944 -152.457
606.301 -158.942
606.301 -158.942
605.558 -158.852
605.558 -158.852
870.223 -382.208
870.223 -382.208
870.223 -382.208
871.262 -377.479
871.262 -377.479
854.076 -372.096
854.076 -372.096
854.076 -372.096
856.462 -370.145
860.196 -370.792
860.196 -370.792
860.196 -370.792
872.369 -371.662
872.567 -372.625
872.567 -372.625
872.567 -372.625
927.112 -376.88
927.112 -376.88
945.297 -379.007
945.297 -379.007
926.56 -377.168
926.56 -377.168
926.56 -377.168
-125.008 -209.362
-214.609 -48.5024
-214.609 -48.5024
-214.609 -48.5024
-214.609 -48.5024
-158.429 74.2431
-143.228 108.857
-143.228 108.857
-103.985 150.118
-103.985 150.118
-71.1965 276.947
-71.1965 276.947
-149.37 291.565
-149.37 291.565
-149.37 291.565
-98.4154 284.177
-98.4154 284.177
-87.2809 281.995
-87.2809 281.995
-87.2809 281.995
-74.7636 280.457
-74.7636 280.457
-75.3221 280.582
-75.3221 280.582
-87.2645 282.319
-87.2645 282.319
-87.2645 282.319
-87.2645 282.319
-87.2645 282.319
-87.2645 282.319
-87.2645 282.319
-87.2645 282.319
-87.2645 282.319
-84.8211 281.864
-84.8211 281.864
-70.6957 279.345
-70.6957 279.345
-65.0305 278.38
-65.0305 278.38
-62.7493 277.983
-62.7493 277.983
-53.7588 276.608
-53.7588 276.608
-53.7588 276.608
26.6682 265.52
26.6682 265.52
-46.9196 277.316
-46.9196 277.316
-46.9196 277.316
-43.1548 276.845
-43.1548 276.845
-40.0622 276.455
-40.0622 276.455
-46.5667 277.832
-46.5667 277.832
-46.5667 277.832
-46.5667 277.832
-46.5667 277.832
-46.5667 277.832
-46.5667 277.832
-46.5667 277.832
-46.2494 278.056
-46.2494 278.056
-46.2494 278.056
-49.9673 279.493
-49.9673 279.493
1572.57 851.385
1572.57 851.385
926.271 572.167
926.271 572.167
1134.82 587.786
1134.82 587.786
1132.74 523.305
1132.74 523.305
1132.74 523.305
1170.89 500.251
1170.89 500.251
1303.52 333.507
1303.52 333.507
1297.55 297.53
1297.55 297.53
1295.89 299.565
1295.89 299.565
1295.89 299.565
1301.83 300.887
1301.83 300.887
1301.49 301.253
1301.49 301.253
1301.91 306.376
1301.91 306.376
1289.93 307.785
1289.93 307.785
1289.93 307.785
1282.71 307.881
1282.71 307.881
1294.31 307.878
1294.31 307.878
1297.99 308.217
1297.99 308.217
1313.24 308.535
1313.24 308.535
1188.83 311.834
1188.83 311.834
1188.83 311.834
1312.53 311.288
1312.53 311.288
1296.64 311.121
1296.64 311.121
1292.02 311.3
1292.02 311.3
1289.85 311.511
1289.85 311.511
1290.06 311.589
1290.06 311.589
1290.06 311.589
1287.79 311.509
1287.79 311.509
1285.15 311.458
1285.15 311.458
1281.82 311.337
1281.82 311.337
1281.19 311.293
1281.19 311.293
1290.46 311.728
1290.46 311.728
1290.46 311.728
1287.47 311.287
1287.47 311.287
-3.7544 -25.063
-3.7544 -25.063
-58.9308 -122.406
-58.9308 -122.406
153.987 -246.781
153.987 -246.781
153.987 -246.781
212.62 -312.367
212.62 -312.367
306.391 -381.077
306.391 -381.077
582.154 -593.66
582.154 -593.66
312.702 -579.717
312.702 -579.717
312.702 -579.717
397.982 -590.877
397.982 -590.877
402.496 -589.697
402.496 -589.697
413.725 -590.333
413.725 -590.333
454.017 -591.685
454.017 -591.685
433.708 -588.135
433.708 -588.135
433.708 -588.135
456.993 -591.012
456.993 -591.012
497.397 -596.192
497.397 -596.192
484.916 -593.829
484.916 -593.829
456.05 -588.049
456.05 -588.049
444.091 -579.147
444.091 -579.147
246.654 -424.211
246.654 -424.211
246.654 -424.211
167.099 -341.759
167.099 -341.759
120.8 -291.819
120.8 -291.819
-50.5549 -126.517
-50.5549 -126.517
-50.5549 -126.517
-122.37 -82.6924
-122.37 -82.6924
-134.507 -74.0429
-134.507 -74.0429
-332.766 -56.0725
-332.766 -56.0725
-399.726 -34.9464
-399.726 -34.9464
-399.726 -34.9464
-399.726 -34.9464
-399.726 -34.9464
-399.726 -34.9464
-399.726 -34.9464
-399.726 -34.9464
-399.726 -34.9464
-399.726 -34.9464
-399.726 -34.9464
-399.726 -34.9464
-399.726 -34.9464
-399.726 -34.9464
-399.726 -34.9464
-399.726 -34.9464
-399.726 -34.9464
-399.726 -34.9464
-399.726 -34.9464
-399.726 -34.9464
-399.726 -34.9464
-399.726 -34.9464
-399.726 -34.9464
-399.726 -34.9464
-399.726 -34.9464
-768.541 65.1902
-768.541 65.1902
-768.541 65.1902
-690.665 52.9366
-974.71 111.819
-974.71 111.819
-1070.16 129.844
-1070.16 129.844
-1070.16 129.844
-1070.16 129.844
-1070.16 129.844
-1070.16 129.844
-1070.16 129.844
-1070.16 129.844
-1070.16 129.844
-1070.16 129.844
-1118.34 141.798
-1118.34 141.798
-1118.34 141.798
-1118.34 141.798
-1118.34 141.798
-1118.34 141.798
-1118.34 141.798
-1118.34 141.798
-1118.34 141.798
-1260.81 181.978
-1260.81 181.978
-1282.48 178.935
-1282.48 178.935
-1289.69 176.139
-1289.69 176.139
-1289.69 176.139
-1296.2 174.563
-1296.2 174.563
-1301.22 173.574
-1301.22 173.574
-826.197 56.1376
-826.197 56.1376
-826.197 56.1376
-855.779 192.272
-855.779 192.272
-855.779 192.272
-855.779 192.272
-855.779 192.272
-855.779 192.272
-855.779 192.272
-912.21 189.798
-912.21 189.798
-912.21 189.798
-848.65 201.199
-826.338 203.637
-826.338 203.637
-826.338 203.637
-942.881 247.301
-942.881 247.301
-981.004 601.102
-981.004 601.102
-981.004 601.102
-967.482 609.77
-967.482 609.77
-965.57 614.259
-965.57 614.259
-964.492 617.775
-964.492 617.775
-954.192 637.969
-954.192 637.969
-952.09 646.314
-952.09 646.314
-952.03 644.193
-952.03 644.193
-932.636 653.154
-932.636 653.154
-932.636 653.154
-939.316 650.577
-939.316 650.577
-941.737 649.81
-941.737 649.81
-941.737 649.81
-945.575 648.492
-945.575 648.492
-949.423 647.217
-949.423 647.217
-952.228 645.97
-952.228 645.97
-952.923 645.716
-952.923 645.716
243.321 450.393
243.321 450.393
525.7 590.668
525.7 590.668
525.7 590.668
686.1 634.282
686.1 634.282
1157.35 626.92
1157.35 626.92
1560.99 640.077
1560.99 640.077
2861.03 724.449
2861.03 724.449
2861.03 724.449
3766.36 839.53
3766.36 839.53
3766.36 839.53
3766.36 839.53
3766.36 839.53
3766.36 839.53
3766.36 839.53
3766.36 839.53
3766.36 839.53
3766.36 839.53
3766.36 839.53
3766.36 839.53
3766.36 839.53
3766.36 839.53
3766.36 839.53
3766.36 839.53
3766.36 839.53
3766.36 839.53
3766.36 839.53
3766.36 839.53
3766.36 839.53
3766.36 839.53
3766.36 839.53
3430.05 799.85
3355.32 772.75
3355.32 772.75
3212.93 730.493
3212.93 730.493
2632.57 581.243
2632.57 581.243
2632.57 581.243
2637.65 579.967
2637.65 579.967
2636.98 581.779
2636.98 581.779
2632.51 577.334
2632.51 577.334
2632.51 577.334
2634.23 578.686
2634.23 578.686
2379.94 189.88
2379.94 189.88
1828.59 -122.896
1828.59 -122.896
1793.73 -216.637
1793.73 -216.637
1671.77 -281.89
1671.77 -281.89
1671.77 -281.89
1628.93 -360.286
1628.93 -360.286
1593.01 -743.215
1593.01 -743.215
1428.45 -572.359
1428.45 -572.359
1377.49 -746.76
1377.49 -746.76
1377.49 -746.76
640 400
640 400
1343.03 -911.386
1343.03 -911.386
1343.03 -911.386
1343.03 -911.386
1343.03 -911.386
1343.03 -911.386
1318.21 -1037.49
1318.21 -1037.49
1318.21 -1037.49
1318.21 -1037.49
1318.21 -1037.49
1318.21 -1037.49
1318.21 -1037.49
1318.21 -1037.49
1318.21 -1037.49
640 400
640 400
640 400
640 400
1551.26 -813.125
1551.26 -813.125
1551.26 -813.125
1220.75 -769.343
1220.75 -769.343
1286.66 -865.626
1286.66 -865.626
1331.06 -973.018
1331.06 -973.018
1331.06 -973.018
1288.04 -952.893
1288.04 -952.893
1048.71 -841.929
1048.71 -841.929
327.929 -365.111
327.929 -365.111
406.863 -391.63
406.863 -391.63
424.347 -396.132
424.347 -396.132
424.347 -396.132
425.413 -395.638
425.413 -395.638
581.692 -431.991
581.692 -431.991
428.888 -400.257
428.888 -400.257
439.801 -421.178
439.801 -421.178
548.23 -481.796
548.23 -481.796
590.763 -506.213
590.763 -506.213
590.763 -506.213
908.768 -657.909
908.768 -657.909
748.674 -600.346
748.674 -600.346
748.674 -600.346
721.196 -586.158
746.478 -592.812
746.478 -592.812
757.88 -596.101
757.88 -596.101
757.88 -596.101
757.628 -595.968
757.628 -595.968
758.262 -596.312
758.262 -596.312
893.244 -645.119
893.244 -645.119
893.244 -645.119
790.745 -608.998
790.745 -608.998
790.745 -608.998
671.602 -547.63
630.635 -525.489
630.635 -525.489
630.635 -525.489
638.793 -516.855
638.793 -516.855
522.118 -475.375
522.118 -475.375
537.69 -474.737
537.69 -474.737
272.718 -385.739
272.718 -385.739
640 400
640 400
640 400
640 400
640 400
640 400
640 400
330.688 -824.758
330.688 -824.758
330.688 -824.758
330.688 -824.758
330.688 -824.758
220.981 -772.218
-207.139 -419.938
-207.139 -419.938
-187.271 -50.1735
-187.271 -50.1735
-187.271 -50.1735
-462.194 -24.6981
-462.194 -24.6981
-462.464 -20.9709
-462.464 -20.9709
-462.464 -20.9709
-469.086 -19.1525
-469.086 -19.1525
-434.216 -15.758
-434.216 -15.758
-434.216 -15.758
-590.376 -8.3429
-615.547 -6.9679
-615.547 -6.9679
-606.607 -7.1956
-606.607 -7.1956
-606.607 -7.1956
-588.278 -8.0748
-588.278 -8.0748
-577.683 -8.2181
-577.683 -8.2181
-943.861 131.339
-943.861 131.339
-938.184 129.579
-938.184 129.579
-936.661 128.762
-936.661 128.762
-936.661 128.762
-936.661 128.762
-936.661 128.762
-917.533 116.068
-917.533 116.068
-900.308 102.807
-900.308 102.807
-900.308 102.807
-735.691 -20.6081
-735.691 -20.6081
-734.325 -22.2442
-734.325 -22.2442
-736.964 -21.1487
-736.964 -21.1487
-738.501 -20.4086
-738.501 -20.4086
-739.91 -19.7657
-739.91 -19.7657
-743.634 -18.1806
-743.634 -18.1806
-743.634 -18.1806
-746.08 -17.2301
-746.08 -17.2301
-746.08 -17.2301
-747.222 -16.7458
-747.916 -16.497
-747.916 -16.497
-747.916 -16.497
-751.659 -13.8098
-751.659 -13.8098
-752.838 -12.4546
-752.838 -12.4546
-218.617 -122.404
-218.617 -122.404
-213.1 -123.15
-213.1 -123.15
-205.549 -123.621
-205.549 -123.621
-205.549 -123.621
-216.543 -121.872
-216.543 -121.872
-215.339 -121.062
-215.339 -121.062
-208.981 -124.981
-208.981 -124.981
-209.688 -122.388
-209.688 -122.388
-209.688 -122.388
-244.831 -117.903
-246.011 -118.139
-246.011 -118.139
-246.011 -118.139
-246.011 -118.139
-248.241 -118.341
-241.873 -119.319
-241.873 -119.319
-237.098 -120.154
-237.098 -120.154
-722.72 -13.8358
-722.72 -13.8358
-897.245 -83.2949
-897.245 -83.2949
-897.245 -83.2949
-805.381 -46.2804
-805.381 -46.2804
-775.919 -33.8666
-775.919 -33.8666
-775.919 -33.8666
-775.919 -33.8666
-775.919 -33.8666
-721.302 -39.7841
-716.11 -20.3819
-716.11 -20.3819
-729.076 -14.4156
-729.076 -14.4156
-729.076 -14.4156
-728.347 -14.6449
-728.347 -14.6449
-728.347 -14.6449
-728.022 -14.7733
-728.022 -14.7733
-728.399 -14.5893
-728.399 -14.5893
-727.424 -15.145
-727.424 -15.145
-728.072 -15.073
-728.072 -15.073
-728.072 -15.073
-729.208 -15.3162
-731.282 -14.9771
-731.282 -14.9771
-733.18 -14.662
-733.18 -14.662
-733.18 -14.662
-1102.24 -110.872
-1102.24 -110.872
-772.875 -184.462
-772.875 -184.462
-616.806 -219.831
-616.806 -219.831
-554.555 -204.04
-554.555 -204.04
-554.555 -204.04
-108.833 -363.031
-108.833 -363.031
1233.18 -811.404
1233.18 -811.404
1233.18 -811.404
1232.92 -840.925
1236.31 -830.198
1236.31 -830.198
907.831 -686.605
907.831 -686.605
995.01 -701.577
995.01 -701.577
995.01 -701.577
1262.99 -758.787
1262.99 -758.787
1263.43 -755.844
1263.43 -755.844
1263.57 -756.33
1263.57 -756.33
1263.57 -756.33
1263.59 -755.851
1263.59 -755.851
1263.58 -754.784
1263.58 -754.784
1263.58 -754.784
1263.48 -754.63
1415.74 -1090.78
1415.74 -1090.78
305.484 -391.308
305.484 -391.308
305.484 -391.308
747.113 -635.116
747.113 -635.116
895.965 -715.397
895.965 -715.397
895.965 -715.397
971.33 -753.956
971.33 -753.956
1190.81 -869.286
1190.81 -869.286
1192.33 -868.119
1192.33 -868.119
1192.65 -868.848
1192.65 -868.848
1192.65 -868.848
1192.95 -869.822
1193.41 -870.905
1193.41 -870.905
274.39 -449.238
274.39 -449.238
274.39 -449.238
1263.14 -1055.27
1263.14 -1055.27
1263.84 -1051.52
1263.84 -1051.52
1264.27 -1050.87
1264.27 -1050.87
1264.35 -1052.02
1264.35 -1052.02
1264.35 -1052.02
306.846 -534.721
306.846 -534.721
1257.26 -1066.44
1257.26 -1066.44
1257.26 -1066.44
1257.26 -1066.44
1257.26 -1066.44
1258.1 -1066.07
1257.9 -1068.73
1257.9 -1068.73
1257.9 -1068.73
1257.81 -1070.13
1257.81 -1070.13
1257.61 -1072.03
1257.61 -1072.03
1257.61 -1072.03
1257.47 -1073.43
1257.47 -1073.43
1257.4 -1074.47
1257.4 -1074.47
1257.4 -1074.47
303.704 -548.598
302.198 -556.859
302.198 -556.859
302.198 -556.859
778.086 -827.663
778.086 -827.663
937.481 -919.855
937.481 -919.855
937.481 -919.855
1017.77 -967.328
1017.77 -967.328
1249.82 -1110.71
1248.92 -1114.18
1248.92 -1114.18
1248.92 -1114.18
1248.65 -1115.43
1248.65 -1115.43
1248.42 -1116.7
1248.42 -1116.7
1248.42 -1116.7
1008.03 -981.459
1008.03 -981.459
1008.03 -981.459
1008.03 -981.459
1008.03 -981.459
1008.03 -981.459
1008.03 -981.459
1008.03 -981.459
1244.19 -1143.29
1244.19 -1143.29
698.39 283.374
698.39 283.374
698.39 283.374
698.39 283.374
698.39 283.374
698.39 283.374
698.39 283.374
190.08 251.991
190.08 251.991
190.08 251.991
190.08 251.991
-157.949 484.431
-157.949 484.431
-157.949 484.431
-157.949 484.431
-157.949 484.431
-157.949 484.431
-157.949 484.431
-157.949 484.431
-157.949 484.431
-157.949 484.431
-157.949 484.431
333.423 488.654
333.423 488.654
333.423 488.654
333.423 488.654
333.423 488.654
-407.955 1044.59
-407.955 1044.59
-407.955 1044.59
-407.955 1044.59
-141.381 192.766
-141.381 192.766
-141.381 192.766
-141.381 192.766
-141.381 192.766
-141.381 192.766
-141.381 192.766
-141.381 192.766
-141.381 192.766
-141.381 192.766
-141.381 192.766
-141.381 192.766
-141.381 192.766
-141.381 192.766
-141.381 192.766
-141.381 192.766
-141.381 192.766
-141.381 192.766
-141.381 192.766
-141.381 192.766
-141.381 192.766
-141.381 192.766
-141.381 192.766
1422.34 388.777
1422.34 388.777
1422.34 388.777
1422.34 388.777
1422.34 388.777
1422.34 388.777
1422.34 388.777
1360.41 665.158
1360.41 665.158
1360.41 665.158
1360.41 665.158
1360.41 665.158
1360.41 665.158
1360.41 665.158
1360.41 665.158
1360.41 665.158
1360.41 665.158
1360.41 665.158
1360.41 665.158
1360.41 665.158
1360.41 665.158
1360.41 665.158
1360.41 665.158
1360.41 665.158
1360.41 665.158
1360.41 665.158
1360.41 665.158
1360.41 665.158
1360.41 665.158
1360.41 665.158
1360.41 665.158
1360.41 665.158
1360.41 665.158
1360.41 665.158
1360.41 665.158
1360.41 665.158
1360.41 665.158
1360.41 665.158
1360.41 665.158
1360.41 665.158
1199.13 546.899
715.812 168.618
715.812 168.618
715.812 168.618
715.812 168.618
715.812 168.618
715.812 168.618
715.812 168.618
715.812 168.618
715.812 168.618
735.973 157.601
735.973 157.601
735.973 157.601
724.978 160.632
725.867 161.154
725.867 161.154
725.867 161.154
724.893 160.944
724.893 160.944
724.57 159.28
724.57 159.28
724.629 157.796
724.629 157.796
724.629 157.796
723.654 158.031
640 400
640 400
640 400
640 400
640 400
640 400
640 400
640 400
640 400
720.391 154.634
720.391 154.634
720.391 154.634
720.391 154.634
717.56 153.233
715.276 152.74
715.276 152.74
715.276 152.74
713.209 152.21
711.255 151.386
711.255 151.386
710.36 152.078
710.36 152.078
710.36 152.078
710.36 152.078
710.36 152.078
710.36 152.078
710.36 152.078
710.36 152.078
710.36 152.078
708.641 151.592
708.641 151.592
708.641 151.592
706.797 150.732
690.122 -107.441
690.122 -107.441
690.122 -107.441
689.665 -109.161
689.665 -109.161
689.493 -110.04
689.493 -110.04
689.078 -110.769
689.078 -110.769
689.078 -110.769
689.484 -111.614
689.484 -111.614
679.624 -97.5817
679.624 -97.5817
680.386 -96.6121
680.386 -96.6121
674.898 -90.4385
674.898 -90.4385
674.898 -90.4385
684.381 -123.649
684.381 -123.649
683.594 -118.602
683.594 -118.602
727.976 -596.596
727.976 -596.596
727.709 -588.039
727.709 -588.039
725.294 -587.802
725.294 -587.802
725.294 -587.802
715.948 -584.01
718.082 -584.605
718.082 -584.605
718.082 -584.605
718.082 -584.605
742.431 -515.528
98.8047 -99.4551
98.8047 -99.4551
98.8047 -99.4551
118.062 -88.8455
118.062 -88.8455
98.3443 -66.4816
98.3443 -66.4816
47.9998 -36.1497
47.9998 -36.1497
49.6544 69.1069
49.6544 69.1069
-60.4308 69.0404
-60.4308 69.0404
-60.4308 69.0404
-58.7896 69.0427
-58.7896 69.0427
-80.8157 68.8907
-80.8157 68.8907
-80.8157 68.8907
-71.0449 68.4897
-58.7783 68.1411
-58.7783 68.1411
-58.7783 68.1411
-41.1439 68.0583
-28.239 68.1916
-28.239 68.1916
-28.239 68.1916
-18.2781 68.1882
-18.2781 68.1882
-19.8358 68.4464
-19.8358 68.4464
-18.7654 68.6169
-18.7654 68.6169
-29.6081 69.0125
-29.6081 69.0125
-29.6081 69.0125
-22.8366 68.7553
-22.8366 68.7553
-22.8366 68.7553
-25.3359 69.0338
-25.3359 69.0338
-25.9264 69.0815
-25.9264 69.0815
30.0423 65.6095
30.0423 65.6095
27.3029 66.2618
27.3029 66.2618
-65.722 72.9115
-65.722 72.9115
-70.2833 72.6879
-70.2833 72.6879
-75.711 72.6411
-75.711 72.6411
-75.711 72.6411
-75.711 72.6411
-75.711 72.6411
-167.145 77.8702
-167.145 77.8702
-167.145 77.8702
-167.145 77.8702
-167.145 77.8702
-91.3784 71.1467
-91.3784 71.1467
-91.3784 71.1467
-128.037 73.2705
-86.0999 68.9211
-86.0999 68.9211
-65.6031 66.5606
-65.6031 66.5606
-9.5959 59.0084
-9.5959 59.0084
-60.1603 40.2883
-60.1603 40.2883
-60.1603 40.2883
-17.6662 27.6145
-17.6662 27.6145
-8.5832 29.6951
-8.5832 29.6951
-3.8634 30.7897
-3.8634 30.7897
-2.2929 32.2719
-2.2929 32.2719
-2.2929 32.2719
-0.137 32.5393
1.9201 32.289
1.9201 32.289
1.9201 32.289
3.1694 32.3717
3.1694 32.3717
4.3638 32.2849
4.3638 32.2849
5.2525 32.2659
5.2525 32.2659
5.2525 32.2659
5.8567 32.3331
5.8567 32.3331
5.8567 32.3331
5.8567 32.3331
5.8567 32.3331
5.8567 32.3331
5.8567 32.3331
5.8567 32.3331
5.8567 32.3331
6.6176 32.2501
6.0541 32.6099
6.0541 32.6099
6.0541 32.6099
5.4619 32.956
5.4619 32.956
4.8035 33.2557
4.8035 33.2557
4.0721 33.5336
4.0721 33.5336
4.0721 33.5336
3.6789 33.6444
3.6789 33.6444
3.2128 33.7636
3.2128 33.7636
2.283 34.0173
2.283 34.0173
1.624 34.1828
1.624 34.1828
1.624 34.1828
1.3658 34.2524
1.3658 34.2524
0.7993 34.448
0.7993 34.448
0.6337 34.6817
0.6337 34.6817
1131.4 -188.311
1131.4 -188.311
1267.05 -172.609
1267.05 -172.609
1285.31 -170.096
1285.31 -170.096
1301.17 -167.746
1301.17 -167.746
1301.17 -167.746
1321.22 -166.614
1321.22 -166.614
1366.61 -168.524
1366.61 -168.524
1315.24 -193.809
1315.24 -193.809
1334.42 -186.875
1334.42 -186.875
1334.42 -186.875
1330.46 -182.739
1330.46 -182.739
1339.93 -179.326
1339.93 -179.326
1341.95 -176.901
1341.95 -176.901
1344.72 -174.538
1344.72 -174.538
1344.72 -174.538
1346.92 -172.568
1346.92 -172.568
1348.65 -170.832
1348.65 -170.832
1349.08 -169.263
1349.08 -169.263
1344.71 -168.422
1344.71 -168.422
1346.1 -166.923
1346.1 -166.923
1346.1 -166.923
1347.39 -165.606
1347.39 -165.606
1343.55 -165.118
1343.55 -165.118
1344.12 -164.014
1344.12 -164.014
1343.81 -163.067
1343.81 -163.067
1344.03 -161.934
1344.03 -161.934
1344.03 -161.934
1344.03 -161.934
369.72 27.9825
392.966 47.7661
392.966 47.7661
392.966 47.7661
413.639 -7.5177
420.752 9.4633
420.752 9.4633
420.752 9.4633
431.159 10.2005
431.159 10.2005
453.909 42.1464
453.909 42.1464
452.06 44.6788
452.06 44.6788
436.7 49.4985
436.7 49.4985
437.421 48.9045
437.421 48.9045
437.421 48.9045
437.421 48.9045
441.609 47.2213
444.574 45.8362
444.574 45.8362
444.574 45.8362
446.869 44.6136
445.977 44.9676
445.977 44.9676
445.977 44.9676
446.111 44.7745
446.111 44.7745
445.912 44.8354
445.912 44.8354
445.912 44.8354
446.653 44.45
447.088 44.2773
447.088 44.2773
447.711 44.074
447.711 44.074
447.711 44.074
447.711 44.074
447.641 44.3025
447.299 44.6946
447.299 44.6946
447.299 44.6946
448.827 44.3181
448.827 44.3181
449.038 44.5794
449.038 44.5794
450.286 44.4167
450.286 44.4167
451.412 44.3131
451.412 44.3131
451.206 44.9058
451.206 44.9058
451.467 45.2785
451.467 45.2785
451.498 46.6656
451.498 46.6656
451.498 46.6656
675.064 299.718
675.064 299.718
673.903 304.91
673.903 304.91
673.903 304.91
669.892 302.62
670.927 303.729
670.927 303.729
672.26 304.832
672.26 304.832
672.26 304.832
678.669 297.592
678.669 297.592
679.615 302.359
679.615 302.359
679.646 302.709
679.646 302.709
679.646 302.709
678.825 303.601
678.825 303.601
678.825 303.601
677.684 304.462
675.817 305.343
675.817 305.343
675.066 305.665
675.066 305.665
675.011 305.678
675.011 305.678
674.758 305.823
674.758 305.823
674.758 305.823
674.7 305.85
674.7 305.85
674.7 305.85
674.26 305.942
674.26 305.942
674.211 305.835
674.211 305.835
673.939 305.817
673.939 305.817
673.651 305.816
673.651 305.816
673.531 305.796
673.531 305.796
673.531 305.796
673.545 305.754
673.075 305.799
673.075 305.799
673.075 305.799
672.842 305.806
672.842 305.806
672.596 305.823
672.596 305.823
673.2 305.639
673.2 305.639
673.2 305.639
673.828 305.482
673.732 305.61
673.732 305.61
673.732 305.61
672.875 306.047
672.875 306.047
672.767 306.27
672.767 306.27
672.767 306.27
672.792 306.457
672.575 306.696
672.575 306.696
672.575 306.696
671.771 307.156
671.771 307.156
671.087 307.606
671.087 307.606
671.117 307.745
671.117 307.745
671.002 307.97
671.002 307.97
671.002 307.97
670.915 308.187
670.915 308.187
671.155 308.166
671.155 308.166
671.259 308.315
671.259 308.315
671.27 308.551
671.27 308.551
671.127 308.95
671.127 308.95
671.127 308.95
671.309 309.066
671.309 309.066
671.378 309.251
671.378 309.251
671.268 309.548
671.268 309.548
671.268 309.548
672.112 309.048
672.112 309.048
672.382 308.94
672.382 308.94
672.648 308.793
672.648 308.793
672.524 308.777
672.524 308.777
672.405 308.694
672.405 308.694
672.492 308.459
672.492 308.459
672.492 308.459
672.997 307.937
672.997 307.937
673.153 307.541
673.153 307.541
673.138 307.249
673.138 307.249
673.761 306.512
673.761 306.512
674.026 306.068
674.026 306.068
674.026 306.068
673.816 305.9
673.816 305.9
673.747 305.6
673.747 305.6
673.747 305.6
674.121 305.04
673.838 304.834
673.838 304.834
673.988 304.439
673.988 304.439
673.988 304.439
673.982 304.114
673.982 304.114
674.002 303.755
674.002 303.755
674.124 303.335
674.124 303.335
674.189 303.042
674.189 303.042
674.189 303.042
674.225 302.667
674.225 302.667
674.345 302.143
674.345 302.143
674.345 302.143
674.203 302.071
674.323 301.715
674.323 301.715
674.385 301.593
674.385 301.593
674.385 301.593
674.53 301.374
674.53 301.374
674.686 301.146
674.686 301.146
674.791 301.026
674.791 301.026
675.052 300.658
675.052 300.658
675.167 300.52
675.167 300.52
675.167 300.52
675.228 300.481
675.228 300.481
675.179 300.516
675.179 300.516
675.192 300.559
675.192 300.559
675.284 300.571
675.284 300.571
675.284 300.571
675.378 300.517
675.378 300.517
674.849 301.109
674.849 301.109
674.893 301.206
674.893 301.206
674.789 301.398
674.789 301.398
674.789 301.398
675.095 301.159
675.095 301.159
674.685 301.876
674.685 301.876
674.685 301.876
674.566 302.247
674.563 302.485
674.563 302.485
674.357 303.042
674.357 303.042
674.357 303.042
674.264 303.533
674.264 303.533
674.112 303.987
674.112 303.987
674.079 304.338
674.079 304.338
673.706 305.062
673.706 305.062
673.706 305.062
673.612 305.483
673.612 305.483
673.815 305.554
673.815 305.554
673.593 306.279
673.593 306.279
673.553 306.764
673.553 306.764
673.522 307.269
673.522 307.269
673.512 307.731
673.512 307.731
673.512 307.731
673.505 308.12
673.505 308.12
673.505 308.536
673.505 308.536
673.518 308.916
673.518 308.916
673.458 309.35
673.458 309.35
673.458 309.35
673.494 309.81
673.494 309.81
673.461 309.805
673.461 309.805
673.233 310.965
673.233 310.965
672.953 311.659
672.953 311.659
672.92 312.134
672.92 312.134
672.92 312.134
672.778 312.766
672.778 312.766
672.507 314.037
672.507 314.037
672.393 314.335
672.393 314.335
672.393 314.335
672.102 315.606
672.102 315.606
672.1 315.115
672.1 315.115
671.838 315.597
671.838 315.597
671.702 315.872
671.702 315.872
671.514 315.925
671.514 315.925
671.514 315.925
671.402 315.274
671.402 315.274
671.443 314.358
671.443 314.358
671.104 314.541
671.104 314.541
670.74 314.73
670.74 314.73
670.74 314.73
670.459 314.614
670.459 314.614
670.174 314.537
670.174 314.537
670.174 314.537
669.825 314.546
669.461 314.581
669.461 314.581
669.073 314.721
669.073 314.721
669.073 314.721
668.344 315.892
668.344 315.892
668.024 315.978
668.024 315.978
667.629 316.045
667.629 316.045
667.359 315.84
667.359 315.84
666.805 316.352
666.805 316.352
666.805 316.352
666.421 316.435
666.421 316.435
665.705 317.131
665.705 317.131
665.482 317.05
665.482 317.05
665.242 316.807
665.242 316.807
664.987 317
664.987 317
664.987 317
665.211 316.396
665.211 316.396
665.009 316.382
665.009 316.382
665.27 315.956
665.27 315.956
664.877 316.367
664.877 316.367
664.877 316.367
665.112 316.123
665.112 316.123
665.112 316.123
665.058 315.903
665.41 315.336
665.41 315.336
664.905 315.461
664.905 315.461
664.542 315.465
664.542 315.465
664.542 315.465
664.151 315.461
664.151 315.461
663.951 315.33
663.951 315.33
663.523 315.308
663.523 315.308
663.523 315.308
663.265 314.933
663.265 314.933
661.889 315.409
661.889 315.409
661.636 315.289
661.636 315.289
660.967 315.463
660.967 315.463
660.795 315.227
660.795 315.227
660.795 315.227
660.436 315.195
660.436 315.195
661.187 314.555
661.187 314.555
660.456 314.735
660.456 314.735
659.866 314.877
659.866 314.877
659.894 314.856
659.894 314.856
660.487 314.809
660.487 314.809
660.487 314.809
661.252 314.599
661.252 314.599
660.883 314.902
660.883 314.902
661.758 314.69
661.758 314.69
661.596 315.028
661.596 315.028
661.596 315.028
661.487 315.299
661.487 315.299
661.449 315.635
661.449 315.635
662.449 315.452
662.449 315.452
661.793 316.05
661.793 316.05
661.793 316.05
661.528 316.489
661.528 316.489
661.452 316.844
661.452 316.844
662.385 316.774
662.385 316.774
663.321 316.749
663.321 316.749
661.15 317.939
661.15 317.939
661.15 317.939
662.058 318.019
662.058 318.019
663.07 318.089
663.07 318.089
660.892 319.3
660.892 319.3
661.912 319.434
661.912 319.434
661.912 319.434
662.681 319.707
662.681 319.707
662.681 319.707
659.839 321.024
661.051 321.164
661.051 321.164
662.143 321.371
662.143 321.371
662.143 321.371
663.096 321.637
663.096 321.637
661.355 322.641
661.355 322.641
662.749 322.87
662.749 322.87
660.802 323.883
660.802 323.883
660.802 323.883
659.348 324.713
659.348 324.713
657.989 325.514
657.989 325.514
657.17 326.195
657.17 326.195
539.423 354.952
539.423 354.952
621.622 337.423
621.622 337.423
611.539 339.593
611.539 339.593
611.539 339.593
637.314 334.277
637.314 334.277
635.626 334.855
635.626 334.855
636.989 334.788
636.989 334.788
636.989 334.788
630.67 336.293
630.67 336.293
498.042 366.63
498.042 366.63
498.042 366.63
599.72 344.721
589 347.196
589 347.196
594.478 346.115
594.478 346.115
590.894 346.942
590.894 346.942
587.824 347.527
587.824 347.527
587.824 347.527
588.978 347.19
588.978 347.19
587.188 347.509
587.188 347.509
584.133 348.089
584.133 348.089
579.701 348.972
579.701 348.972
579.701 348.972
457.476 373.532
457.476 373.532
613.045 340.028
613.045 340.028
532.268 356.493
532.268 356.493
586.939 345.833
586.939 345.833
586.939 345.833
551.458 352.178
551.458 352.178
443.726 370.491
443.726 370.491
441.103 369.689
441.103 369.689
439.957 369.435
439.957 369.435
439.957 369.435
477.52 363.531
477.52 363.531
492.743 361.116
492.743 361.116
512.08 358.23
512.08 358.23
520.193 356.934
520.193 356.934
527.343 355.794
527.343 355.794
527.343 355.794
532.497 354.965
532.497 354.965
537.543 354.208
537.543 354.208
543.629 353.403
543.629 353.403
532.545 354.144
532.545 354.144
535.444 353.797
535.444 353.797
535.444 353.797
535.444 353.797
706.106 341.614
556.398 350.873
556.398 350.873
568.846 350.148
568.846 350.148
585.505 349.236
585.505 349.236
566.838 350.086
566.838 350.086
566.838 350.086
574.547 349.642
574.547 349.642
573.439 349.561
573.439 349.561
579.505 349.199
579.505 349.199
707.126 343.479
707.126 343.479
707.126 343.178
707.126 343.178
707.126 343.178
638.452 344.381
638.452 344.381
607.608 344.523
607.608 344.523
632.161 343.47
632.161 343.47
632.161 343.47
617.523 343.232
617.523 343.232
603.187 342.876
603.187 342.876
518.974 340.75
518.974 340.75
518.974 340.75
587.094 338.396
582.803 337.656
582.803 337.656
584.148 336.903
584.148 336.903
584.148 336.903
586.013 336.214
586.013 336.214
576.49 335.64
576.49 335.64
577.159 334.998
577.159 334.998
567.537 334.474
567.537 334.474
567.537 334.474
569.481 333.849
569.481 333.849
563.271 333.188
563.271 333.188
563.271 333.188
565.558 332.498
567.555 331.842
567.555 331.842
567.555 331.842
567.555 331.842
568.005 331.146
572.06 330.512
572.06 330.512
701.004 325.486
701.004 325.486
700.149 325.555
700.149 325.555
700.149 325.555
645.331 323.772
645.331 323.772
570.682 320.972
570.682 320.972
562.739 320.562
562.739 320.562
562.739 320.562
580.549 320.633
578.927 320.095
578.927 320.095
503.148 315.478
503.148 315.478
503.148 315.478
521.562 316.426
521.562 316.426
536.8 317.24
536.8 317.24
548.984 317.023
548.984 317.023
548.984 317.023
594.278 320.106
594.278 320.106
596.902 320.227
596.902 320.227
576.239 318.144
576.239 318.144
575.194 318.057
575.194 318.057
572.913 317.825
572.913 317.825
693.515 330.684
693.515 330.684
693.515 330.684
600.391 321.212
600.391 321.212
577.342 318.667
577.342 318.667
560.638 316.833
560.638 316.833
560.638 316.833
560.259 316.846
560.259 316.846
691.99 331.099
691.99 331.099
531.231 313.093
531.231 313.093
535.999 313.728
535.999 313.728
541.866 314.287
541.866 314.287
541.866 314.287
551.292 315.098
551.292 315.098
420.659 298.638
420.659 298.638
533.513 310.997
533.513 310.997
539.325 311.316
539.325 311.316
541.802 311.261
541.802 311.261
541.802 311.261
542.029 311.009
542.029 311.009
695.857 328.028
695.857 328.028
695.857 328.028
508.434 304.53
602.447 315.628
602.447 315.628
548.619 308.761
548.619 308.761
548.619 308.761
585.56 312.935
585.56 312.935
564.26 304.332
564.26 304.332
660.23 639.239
660.23 639.239
660.23 639.239
660.945 646.334
660.945 646.334
661.19 647.711
661.19 647.711
660.118 649.422
660.118 649.422
660.118 649.422
664.358 652.985
664.358 652.985
665.69 644.339
665.69 644.339
664.24 644.399
664.24 644.399
664.489 646.709
664.489 646.709
666.469 648.491
666.469 648.491
666.469 648.491
662.804 649.553
662.804 649.553
664.098 650.913
664.098 650.913
661.555 651.783
661.555 651.783
663.504 652.871
663.504 652.871
663.504 652.871
657.702 653.389
657.702 653.389
658.878 654.358
658.878 654.358
659.52 655.194
659.52 655.194
660.124 655.955
660.124 655.955
659.594 656.602
659.594 656.602
660.29 657.293
660.29 657.293
661.738 658.057
661.738 658.057
661.738 658.057
664.069 658.852
664.069 658.852
664.468 659.533
664.468 659.533
664.468 659.533
665.955 660.263
665.955 660.263
665.425 660.883
665.425 660.883
666.377 661.545
666.377 661.545
667.272 662.193
667.272 662.193
667.134 662.814
667.134 662.814
667.354 663.804
667.354 663.804
670.857 664.884
670.857 664.884
670.857 664.884
670.871 665.712
670.871 665.712
671.266 666.475
671.266 666.475
672.53 667.234
672.53 667.234
672.636 667.859
672.636 667.859
670.483 668.346
670.483 668.346
670.483 668.346
670.3 668.934
670.3 668.934
668.708 669.399
668.708 669.399
665.99 669.718
665.99 669.718
665.172 670.164
665.172 670.164
665.172 670.164
662.573 670.417
662.573 670.417
663.082 670.954
663.082 670.954
663.76 671.504
663.76 671.504
663.386 671.939
663.386 671.939
662.201 672.275
662.201 672.275
662.201 672.275
659.796 672.44
659.796 672.44
658.821 672.707
658.821 672.707
659.788 673.101
659.788 673.101
659.916 673.37
659.916 673.37
659.916 673.37
660.238 673.601
660.238 673.601
658.211 673.524
658.211 673.524
657.779 673.519
657.779 673.519
654.745 673.323
654.745 673.323
654.745 673.323
658.208 673.403
658.208 673.403
657.961 673.271
657.961 673.271
655.77 673.086
655.77 673.086
655.541 672.886
655.541 672.886
655.541 672.886
659.743 672.566
659.743 672.566
660.886 672.259
660.886 672.259
661.808 672.021
661.808 672.021
661.808 672.021
663.912 671.657
663.912 671.657
664.715 671.317
664.715 671.317
665.815 671.045
665.815 671.045
666.164 670.646
666.164 670.646
665.927 670.344
665.927 670.344
666.4 669.995
666.4 669.995
667.91 669.495
667.91 669.495
667.91 669.495
669.235 669.218
669.235 669.218
669.946 669.109
669.946 669.109
747.155 -192.224
747.155 -192.224
741.731 -226.099
741.731 -226.099
640 400
640 400
640 400
730.396 -225.308
730.396 -225.308
732.961 -225.699
732.961 -225.699
731.82 -225.534
731.82 -225.534
711.589 -231.778
711.589 -231.778
711.589 -231.778
713.403 -232.512
726.662 -232.774
726.662 -232.774
726.662 -232.774
726.662 -232.774
728.695 -231.433
699.778 -225.454
699.778 -225.454
681.276 -222.353
681.276 -222.353
684.161 -223.115
684.161 -223.115
684.161 -223.115
688.366 -223.965
688.366 -223.965
689.669 -224.09
689.669 -224.09
689.669 -224.09
694.43 -224.738
694.43 -224.738
694.958 -224.347
696.704 -224.224
696.704 -224.224
696.704 -224.224
697.658 -224.059
697.658 -224.059
697.971 -223.719
697.971 -223.719
697.808 -223.312
697.808 -223.312
698.265 -222.956
698.265 -222.956
698.265 -222.956
699.728 -222.859
699.728 -222.859
700.318 -222.642
700.318 -222.642
701.381 -222.433
701.381 -222.433
701.381 -222.433
701.606 -222.109
701.606 -222.109
702.756 -221.853
702.756 -221.853
701.823 -221.182
701.823 -221.182
700.018 -220.279
700.018 -220.279
699.299 -219.314
699.299 -219.314
699.299 -219.314
695.915 -217.936
695.915 -217.936
694.639 -215.734
694.639 -215.734
-126.663 205.425
-126.663 205.425
-176.914 285.664
-176.914 285.664
-176.914 285.664
-194.176 254.346
-194.176 254.346
-200.586 240.138
-200.586 240.138
-202.985 226.765
-202.985 226.765
-225.957 144.206
-225.957 144.206
-224.592 145.919
-224.592 145.919
-224.592 145.919
-212.785 142.885
-212.785 142.885
-197.571 139.061
-197.571 139.061
-234.338 148.374
-234.338 148.374
-212.762 142.802
-212.762 142.802
-212.762 142.802
-232.834 147.861
-232.834 147.861
-228.375 146.782
-228.375 146.782
-228.375 146.782
-212.152 142.227
-204.75 140.526
-204.75 140.526
-204.75 140.526
-51.2946 20.9076
-51.2946 20.9076
-46.9789 19.2697
-46.9789 19.2697
-92.2086 21.3491
-92.2086 21.3491
-31.3733 10.77
-31.3733 10.77
-31.3733 10.77
-31.3733 10.77
-31.3733 10.77
-31.3733 10.77
-31.3733 10.77
-31.3733 10.77
-31.3733 10.77
-33.4814 2.9021
-33.4814 2.9021
863.823 -336.048
863.823 -336.048
874.084 -376.907
874.084 -376.907
874.084 -376.907
891.551 -382.79
891.551 -382.79
889.821 -375.633
889.821 -375.633
890.213 -372.378
890.213 -372.378
937.691 -329.505
937.691 -329.505
937.691 -329.505
943.618 -325.425
943.618 -325.425
943.618 -325.425
943.618 -325.425
943.618 -325.425
943.618 -325.425
943.618 -325.425
943.618 -325.425
943.618 -325.425
942.629 -326.105
942.629 -326.105
923.039 -311.936
923.039 -311.936
890.363 -293.797
890.363 -293.797
883.247 -255.148
883.247 -255.148
883.247 -255.148
849.548 -230.108
849.548 -230.108
851.082 -225.255
851.082 -225.255
880.82 -222.255
880.82 -222.255
864.858 -212.01
864.858 -212.01
857.927 -207.204
857.927 -207.204
857.927 -207.204
855.12 -204.255
855.12 -204.255
700.156 -146.421
700.156 -146.421
723.052 -169.85
723.052 -169.85
668.1 -147.039
668.1 -147.039
649.84 -135.771
649.84 -135.771
649.84 -135.771
644.83 -131.856
644.83 -131.856
550.389 -86.2776
550.389 -86.2776
550.389 -86.2776
654.48 -113.705
686.221 -120.32
686.221 -120.32
656.769 -112.641
656.769 -112.641
628.906 -105.913
628.906 -105.913
628.906 -105.913
545.43 -86.2081
545.43 -86.2081
545.43 -86.2081
635.824 -110.634
641.089 -111.601
641.089 -111.601
641.089 -111.601
631.551 -109.206
631.551 -109.206
633.819 -109.779
633.819 -109.779
627.066 -108.093
627.066 -108.093
625.56 -107.877
625.56 -107.877
625.56 -107.877
811.55 -121.718
811.55 -121.718
815.838 -138.81
815.838 -138.81
819.443 -139.352
819.443 -139.352
822.984 -139.967
822.984 -139.967
820.118 -137.844
820.118 -137.844
820.118 -137.844
798.758 -135.509
798.758 -135.509
800.784 -134.931
800.784 -134.931
816.392 -135.396
816.392 -135.396
810.14 -135.13
810.14 -135.13
810.14 -135.13
816.478 -136.037
811.837 -133.844
811.837 -133.844
811.837 -133.844
806.933 -131.888
806.933 -131.888
809.831 -131.562
809.831 -131.562
806.289 -129.71
806.289 -129.71
806.289 -129.71
805.061 -128.416
805.061 -128.416
803.605 -126.978
803.605 -126.978
692.372 -92.2078
692.372 -92.2078
758.703 -104.365
758.703 -104.365
776.482 -107.166
776.482 -107.166
783.037 -107.83
783.037 -107.83
795.274 -109.578
795.274 -109.578
795.274 -109.578
816.147 -113.251
816.147 -113.251
809.354 -111.405
809.354 -111.405
812.474 -111.664
812.474 -111.664
808.993 -109.275
808.993 -109.275
808.993 -109.275
98.6437 27.4841
98.6437 27.4841
97.9737 20.9939
97.9737 20.9939
97.9737 20.9939
90.0736 19.1707
90.0736 19.1707
101.812 16.7535
101.812 16.7535
101.992 16.1787
101.992 16.1787
102.829 17.664
102.829 17.664
102.829 17.664
102.647 15.0126
102.647 15.0126
106.01 16.4753
103.581 18.1194
103.581 18.1194
103.581 18.1194
101.405 18.634
101.405 18.634
100.417 19.8432
100.417 19.8432
-44.6051 37.6808
-44.6051 37.6808
-40.6178 32.474
-40.6178 32.474
-40.6178 32.474
-42.8812 32.8727
-42.8812 32.8727
-20.104 25.5399
-20.104 25.5399
-24.8826 27.9182
-24.8826 27.9182
-24.8826 27.9182
640 400
640 400
-2050.32 552.71
-2050.32 552.71
477.1 278.503
477.1 278.503
477.1 278.503
477.1 278.503
477.1 278.503
477.1 278.503
477.1 278.503
477.1 278.503
477.1 278.503
903.623 256.572
903.623 256.572
903.623 256.572
903.623 256.572
903.623 256.572
903.623 256.572
903.623 256.572
903.623 256.572
903.623 256.572
903.623 256.572
903.623 256.572
903.623 256.572
903.623 256.572
903.623 256.572
903.623 256.572
903.623 256.572
903.623 256.572
903.623 256.572
903.623 256.572
903.623 256.572
903.623 256.572
903.623 256.572
903.623 256.572
903.623 256.572
578.147 189.713
578.147 189.713
640 400
640 400
599.097 195.53
599.097 195.53
599.097 195.53
-724.003 102.019
-724.003 102.019
-1337.14 161.986
-1337.14 161.986
-1337.49 162.986
-1337.49 162.986
-1337.49 162.986
-1337.49 162.986
-1337.49 162.986
-1331.74 170.971
-1331.74 170.971
-1332.16 174.066
-1332.16 174.066
-1332.16 174.066
-1332.16 174.066
-1332.16 174.066
-1332.16 174.066
-1332.16 174.066
-1332.16 174.066
-1332.16 174.066
-1332.16 174.066
-1337.76 180.166
-1331.41 188.038
-1331.41 188.038
-1328.73 191.049
-1328.73 191.049
-1328.73 191.049
-1328.74 190.321
-1328.74 190.321
-1328.74 190.321
-1328.74 190.321
-1328.74 190.321
-1328.74 190.321
-1328.74 190.321
-1328.74 190.321
-1328.74 190.321
-1327.74 191.132
640 400
640 400
640 400
640 400
-1324.66 188.774
-1324.66 188.774
-1324.66 188.774
-1324.66 188.774
-1324.66 188.774
-1324.66 188.774
-1324.66 188.774
-1324.66 188.774
-1324.66 188.774
-1324.66 188.774
-1324.66 188.774
-1324.66 188.774
-1324.66 188.774
-1324.66 188.774
-1324.66 188.774
-1324.66 188.774
-1324.66 188.774
-1324.66 188.774
-1324.66 188.774
-1324.66 188.774
-1324.66 188.774
-1116.53 49.3657
-1116.53 49.3657
-752.354 93.3437
-752.354 93.3437
-804.149 50.5517
-804.149 50.5517
-822.384 36.1306
-822.384 36.1306
-822.384 36.1306
-828.517 27.7233
-828.517 27.7233
-841.662 1.5947
-841.662 1.5947
-841.662 1.5947
-1205.52 20.595
-1040.61 13.1785
-1040.61 13.1785
-891.01 3.9979
-891.01 3.9979
-891.01 3.9979
-815.746 21.1079
-815.746 21.1079
-815.746 21.1079
-815.746 21.1079
-1154.33 -2.2653
-1154.33 -2.2653
-857.26 -8.0796
-857.26 -8.0796
-857.26 -8.0796
-459.814 -50.2175
-459.814 -50.2175
-322.749 -68.7282
-322.749 -68.7282
-322.749 -68.7282
-137.637 -105.09
402.522 -199.17
402.522 -199.17
402.522 -199.17
615.448 -263.677
615.448 -263.677
567.207 -220.139
567.207 -220.139
532.205 -190.575
532.205 -190.575
598.899 -291.551
598.899 -291.551
663.753 -475.698
663.753 -475.698
801.656 -644.624
801.656 -644.624
801.656 -644.624
801.656 -644.624
733.003 -587.556
733.003 -587.556
693.211 -553.313
693.211 -553.313
693.211 -553.313
693.211 -553.313
693.211 -553.313
693.211 -553.313
693.211 -553.313
693.211 -553.313
698.815 -556.181
698.815 -556.181
836.954 -662.834
836.954 -662.834
846.975 -684.213
846.975 -684.213
846.975 -684.213
807.024 -654.043
807.024 -654.043
799.398 -650.597
799.398 -650.597
783.994 -638.54
783.994 -638.54
776.25 -633.233
776.25 -633.233
740.071 -607.678
740.071 -607.678
753.798 -620.796
753.798 -620.796
753.798 -620.796
754.242 -621.72
754.242 -621.72
743.766 -612.874
743.766 -612.874
716.697 -590.411
716.697 -590.411
716.697 -590.411
713.704 -587.429
713.704 -587.429
726.763 -597.929
726.763 -597.929
726.763 -597.929
741.453 -609.142
746.552 -612.031
746.552 -612.031
746.552 -612.031
748.537 -612.81
748.537 -612.81
726.794 -591.272
726.794 -591.272
750.836 -610.193
750.836 -610.193
761.714 -618.869
761.714 -618.869
763.958 -620.196
763.958 -620.196
766.949 -622.416
766.949 -622.416
766.949 -622.416
767.2 -622.292
767.2 -622.292
767.101 -622.039
767.101 -622.039
768.607 -623.231
768.607 -623.231
768.607 -623.231
763.074 -618.308
761.18 -616.528
761.18 -616.528
761.18 -616.528
760.837 -616.238
760.837 -616.238
764.522 -619.529
764.522 -619.529
765.363 -620.282
765.363 -620.282
765.363 -620.282
767.052 -621.891
767.052 -621.891
766.724 -621.664
766.724 -621.664
766.724 -621.664
766.259 -621.367
765.07 -620.394
765.07 -620.394
765.07 -620.394
668.98 -532.37
802.925 -657.989
802.925 -657.989
802.925 -657.989
790.211 -646.561
790.211 -646.561
750.42 -609.925
750.42 -609.925
753.924 -613.134
753.924 -613.134
749.142 -608.327
749.142 -608.327
746.971 -607.04
746.971 -607.04
746.971 -607.04
746.086 -606.57
746.086 -606.57
744.755 -605.387
744.755 -605.387
744.755 -605.387
749.702 -610.015
866.863 -718.507
866.863 -718.507
866.863 -718.507
865.703 -716.645
865.703 -716.645
820.453 -676.05
820.453 -676.05
803.052 -660.215
803.052 -660.215
817.779 -673.475
817.779 -673.475
817.779 -673.475
811.643 -668.009
811.643 -668.009
803.573 -660.763
803.573 -660.763
800.476 -657.968
800.476 -657.968
800.476 -657.968
795.432 -653.671
-1063.89 -288.896
-1063.89 -288.896
-1063.89 -288.896
-1063.89 -288.896
-1063.89 -288.896
-1063.89 -288.896
-1063.89 -288.896
-1063.89 -288.896
-1063.89 -288.896
-1063.89 -288.896
-1063.89 -288.896
-1063.89 -288.896
-1063.89 -288.896
-1063.89 -288.896
-1063.89 -288.896
-1063.89 -288.896
-1063.89 -288.896
-1063.89 -288.896
-1063.89 -288.896
-1063.89 -288.896
-1063.89 -288.896
-1063.89 -288.896
-1063.89 -288.896
-1063.89 -288.896
-1063.89 -288.896
-1063.89 -288.896
-1063.89 -288.896
-1063.89 -288.896
-1063.89 -288.896
-1063.89 -288.896
-1063.89 -288.896
-1063.89 -288.896
-1063.89 -288.896
-1063.89 -288.896
-1063.89 -288.896
-1063.89 -288.896
-1063.89 -288.896
-1063.89 -288.896
-1063.89 -288.896
-1063.89 -288.896
-1063.89 -288.896
-1063.89 -288.896
-1063.89 -288.896
-1063.89 -288.896
-1063.89 -288.896
-1063.89 -288.896
-1063.89 -288.896
-1063.89 -288.896
-1063.89 -288.896
-1063.89 -288.896
-1063.89 -288.896
-1063.89 -288.896
-1063.89 -288.896
-1063.89 -288.896
-1063.89 -288.896
-1063.89 -288.896
-1063.89 -288.896
-1063.89 -288.896
-1063.89 -288.896
-1063.89 -288.896
640 400
640 400
-1200.66 155.949
-1200.66 155.949
-1200.66 155.949
-1200.66 155.949
-1200.66 155.949
-1200.66 155.949
-1200.66 155.949
-1200.66 155.949
-1200.66 155.949
-1316.29 197.781
-1316.29 197.781
-1316.29 197.781
-1384.29 221.454
-1429.92 236.683
-1429.92 236.683
-1429.92 236.683
-506.263 -103.527
-506.263 -103.527
-1693.95 324.16
-1693.95 324.16
-1693.95 324.16
-1693.95 324.16
-1690.39 326.74
-1690.39 326.74
-1679.81 328.547
-1679.81 328.547
-1679.81 328.547
-1679.81 328.547
-1679.81 328.547
-1671.14 327.773
-1663.67 327.27
-1663.67 327.27
-1663.67 327.27
-1663.67 327.27
-1650.5 326.768
-1650.5 326.768
-1650.5 326.768
-1645.97 327.516
-1643 328.566
-1643 328.566
-1639.74 330.034
-1639.74 330.034
-1639.74 330.034
-1639.74 330.034
-1639.74 330.034
-1639.74 330.034
-1639.74 330.034
-1639.74 330.034
-1639.74 330.034
-1639.74 330.034
-1639.74 330.034
-1639.74 330.034
-1639.74 330.034
-1639.74 330.034
-1639.74 330.034
-476.095 -76.2916
-476.095 -76.2916
-476.095 -76.2916
-476.095 -76.2916
-476.095 -76.2916
-476.095 -76.2916
-476.095 -76.2916
-476.095 -76.2916
-476.095 -76.2916
-476.095 -76.2916
-1699.35 420.603
-1699.35 420.603
-1690.21 415.751
-1690.21 415.751
-1683.24 407.976
-1683.24 407.976
-1683.24 407.976
-1679.04 399.572
-1679.04 399.572
-1676.02 391.372
-1676.02 391.372
-1676.02 391.372
-1671.51 385.8
-1671.51 385.8
-1671.51 385.8
-1671.51 385.8
-1671.51 385.8
-1671.51 385.8
-1671.51 385.8
-1671.51 385.8
-1671.51 385.8
-1671.51 385.8
-1671.51 385.8
-1671.51 385.8
-1671.51 385.8
-1671.51 385.8
-1671.51 385.8
-1671.51 385.8
-987.961 142.48
-987.961 142.48
-987.961 142.48
-966.25 284.135
-966.25 284.135
-1040.05 354.072
-1107.58 376.622
-1107.58 376.622
-1107.58 376.622
-1107.58 376.622
-1107.58 376.622
-1140.1 385.313
-1140.1 385.313
-1088.88 446.984
-1088.88 446.984
-1016.57 478.846
-1016.57 478.846
-1016.57 478.846
-1056.06 444.016
-1056.06 444.016
-1081.36 415.655
-1081.36 415.655
-1081.36 415.655
-1082.21 402.881
-1132.2 421.363
-1132.2 421.363
-1209.84 443.874
-1209.84 443.874
-1132.66 417.988
-1132.66 417.988
-1132.66 417.988
-1110.82 408.82
-1110.82 408.82
-1110.82 408.82
-1136.43 413.12
-857.302 336.796
-857.302 336.796
-857.302 336.796
-921.585 529.324
-921.585 529.324
-863.477 462.253
-863.477 462.253
-863.477 462.253
-863.477 462.253
-841.091 438.513
-829.962 427.355
-829.962 427.355
-686.19 315.588
-686.19 315.588
-875.013 455.289
-875.013 455.289
-784.773 406.936
-784.773 406.936
-784.773 406.936
-747.255 390.677
-747.255 390.677
-739.972 390.509
-739.972 390.509
-546.162 288.707
-546.162 288.707
-625.16 373.132
-625.16 373.132
-648.947 398.329
-648.947 398.329
-648.947 398.329
-576.23 353.529
-576.23 353.529
-564.869 349.247
-564.869 349.247
-364.487 211.23
-364.487 211.23
-425.891 245.188
-425.891 245.188
-448.346 255.217
-448.346 255.217
-382.922 224.706
-382.922 224.706
-382.922 224.706
-382.922 224.706
-363.692 217.932
-150.013 136.751
-150.013 136.751
-288.749 188.408
-288.749 188.408
-258.717 182.068
-258.717 182.068
-248.46 180.817
-248.46 180.817
-248.46 180.817
-237.751 179.174
-237.751 179.174
-253.623 188.143
-253.623 188.143
-97.398 157.882
-97.398 157.882
32.6226 116.727
32.6226 116.727
32.6226 116.727
-39.1532 146.689
-39.1532 146.689
-18.526 121.522
-18.526 121.522
25.1822 85.9293
25.1822 85.9293
516.513 -206.672
516.513 -206.672
734.275 -338.507
734.275 -338.507
734.275 -338.507
673.064 -295.461
673.064 -295.461
673.064 -295.461
673.064 -295.461
673.064 -295.461
673.064 -295.461
673.064 -295.461
662.22 -286.191
662.22 -286.191
662.22 -286.191
641.187 -268.639
641.187 -268.639
777.54 -267.133
777.54 -267.133
887.099 -302.32
887.099 -302.32
650.813 -282.681
650.813 -282.681
642.608 -285.748
642.608 -285.748
642.608 -285.748
593.608 -277.159
593.608 -277.159
636.86 -317.473
636.86 -317.473
755.273 -342.853
755.273 -342.853
695.099 -320.198
695.099 -320.198
684.998 -315.832
684.998 -315.832
684.998 -315.832
660.531 -305.077
660.531 -305.077
590.345 -276.767
590.345 -276.767
606.772 -278.713
606.772 -278.713
607.351 -278.085
607.351 -278.085
615.254 -279.667
615.254 -279.667
615.254 -279.667
618.59 -279.818
618.59 -279.818
621.63 -279.635
621.63 -279.635
621.63 -279.635
754.979 -311.512
820.311 -126.482
820.311 -126.482
820.311 -126.482
899.02 -141.462
899.02 -141.462
913.066 -142.442
913.066 -142.442
913.066 -142.442
922.619 -143.093
922.619 -143.093
1120.19 -162.6
1120.19 -162.6
1306.07 -5.1211
1306.07 -5.1211
1383.43 -7.3515
1383.43 -7.3515
1390.37 -5.9311
1390.37 -5.9311
1403.15 -5.2308
1403.15 -5.2308
1438.55 -0.9873
1438.55 -0.9873
1438.55 -0.9873
1438.55 -0.9873
1435.36 13.6742
1435.36 13.6742
1435.36 13.6742
1435.36 13.6742
1435.36 13.6742
1435.36 13.6742
1435.36 13.6742
1435.36 13.6742
1407.26 15.1499
1407.26 15.1499
1407.26 15.1499
1607.13 150.476
1653.62 191.579
1653.62 191.579
1653.62 191.579
2027.67 421.718
2027.67 421.718
1794.4 390.008
1794.4 390.008
1803.28 392.312
1803.28 392.312
1889.52 418.41
1889.52 418.41
1950.56 454.888
1950.56 454.888
1950.56 454.888
2174.21 630.424
2100.47 802.579
2100.47 802.579
2100.47 802.579
2093.44 853.392
2093.44 853.392
2128.75 850.993
2128.75 850.993
2141.93 854.086
2141.93 854.086
2141.93 854.086
2141.93 854.086
2141.93 854.086
2141.93 854.086
2141.93 854.086
2141.93 854.086
2141.93 854.086
2300.29 784.374
2300.29 784.374
2805.85 731.274
2805.85 731.274
2794.54 731.052
2794.54 731.052
2794.54 731.052
2730.57 712.778
2730.57 712.778
2730.57 712.778
2730.57 712.778
2730.57 712.778
2730.57 712.778
2730.57 712.778
2730.57 712.778
2732.19 712.194
2732.19 712.194
2668.05 680.236
2668.05 680.236
2692.33 679.943
2692.33 679.943
2653.05 705.783
2653.05 705.783
2776.59 722.017
2776.59 722.017
2776.59 722.017
2776.59 722.017
2776.59 722.017
2776.59 722.017
2776.59 722.017
2776.59 722.017
2776.59 722.017
2776.59 722.017
2776.59 722.017
2776.59 722.017
2776.59 722.017
2874.33 732.911
2874.33 732.911
2874.33 732.911
3237.14 769.655
3237.14 769.655
2714.85 726.241
2714.85 726.241
2415.83 687.327
2415.83 687.327
2415.83 687.327
2333.81 672.328
2333.81 672.328
2276.52 664.719
2276.52 664.719
1915.26 637.073
1915.26 637.073
2105.99 654.142
2105.99 654.142
2105.99 654.142
2039.97 651.461
2039.97 651.461
2029.64 653.321
2029.64 653.321
2023.55 655.115
2023.55 655.115
2007.4 656.105
2007.4 656.105
3001.58 745.242
3001.58 745.242
3001.58 745.242
3225.25 790.821
3225.25 790.821
3161.01 788.643
3161.01 788.643
3228.01 793.176
3228.01 793.176
3148.36 790.366
3148.36 790.366
3148.36 790.366
3322.61 799.459
3322.61 799.459
3107.58 794.585
3107.58 794.585
3040.76 792.434
3040.76 792.434
2965.71 784.19
2965.71 784.19
2802.46 732.839
2802.46 732.839
2802.46 732.839
1914.92 407.647
1914.92 407.647
1323.53 207.418
1323.53 207.418
1323.53 207.418
1013.03 58.7922
901.993 9.9452
901.993 9.9452
795.678 -6.6961
795.678 -6.6961
795.678 -6.6961
353.331 -35.2539
353.331 -35.2539
53.98 8.8907
53.98 8.8907
9.3087 17.0664
9.3087 17.0664
9.3087 17.0664
-11.254 19.9715
-11.254 19.9715
-58.7388 31.1502
-58.7388 31.1502
-142.092 81.8638
-142.092 81.8638
-142.092 81.8638
-103.956 27.1676
-236.022 217.964
-236.022 217.964
-284.345 283.978
-284.345 283.978
-305.545 313.892
-305.545 313.892
-305.545 313.892
-467.902 473.672
-467.902 473.672
-406.537 423.516
-406.537 423.516
-456.561 422.762
-456.561 422.762
-502.747 369.846
-502.747 369.846
-553.429 331.5
-553.429 331.5
-553.429 331.5
-742.744 188.766
-742.744 188.766
-784.575 105.381
-784.575 105.381
-784.575 105.381
-868.669 86.3844
-899.879 79.9029
-899.879 79.9029
-899.879 79.9029
-842.768 80.4654
-842.768 80.4654
-688.614 84.7812
-688.614 84.7812
-1014.01 82.5694
-1014.01 82.5694
-1139.24 101.209
-1139.24 101.209
-1139.24 101.209
-1149.04 107.589
-1149.04 107.589
-1149.04 107.589
-1192.17 114.457
-1192.17 114.457
-1192.17 114.457
-1192.17 114.457
-1192.17 114.457
-1192.17 114.457
-1192.17 114.457
-1192.17 114.457
-1085.65 128.215
-1085.65 128.215
-1071.91 131.356
-1071.91 131.356
-1031.07 137.957
-1031.07 137.957
-1017.41 140.563
-1017.41 140.563
-1031.95 152.88
-1031.95 152.88
-1031.95 152.88
-1031.95 152.88
-790.159 216.178
-1064.84 276.066
-1064.84 276.066
-1001.72 341.397
-1001.72 341.397
-1004.34 345.51
-1004.34 345.51
-1004.34 345.51
-1017.57 346.451
-1017.57 346.451
-957.758 342.569
-957.758 342.569
-816.019 294.802
-816.019 294.802
-816.019 294.802
-876.926 384.868
-876.926 384.868
-898.721 412.854
-898.721 412.854
-867.514 381.709
-867.514 381.709
-905.674 437.802
-905.674 437.802
-735.689 334.243
-735.689 334.243
-735.689 334.243
-747.778 342.717
-747.778 342.717
-687.234 315.394
-687.234 315.394
-673.459 329.929
-673.459 329.929
-656.127 403.633
-656.127 403.633
-656.127 403.633
-512.932 288.064
-512.932 288.064
-443.911 317.297
-443.911 317.297
-482.445 323.103
-482.445 323.103
-482.445 323.103
-482.445 323.103
-482.445 323.103
-320.097 354.031
-320.097 354.031
163.807 204.075
163.807 204.075
206.573 75.7086
206.573 75.7086
189.134 53.1631
189.134 53.1631
269.651 -21.6392
269.651 -21.6392
269.651 -21.6392
326.09 -77.7213
326.09 -77.7213
506.593 -244.588
506.593 -244.588
506.593 -244.588
526.9 -250.689
504.101 -238.811
504.101 -238.811
502.443 -235.85
502.443 -235.85
502.443 -235.85
483.849 -225.158
483.849 -225.158
682.967 -297.069
682.967 -297.069
510.717 -189.527
510.717 -189.527
591.55 -228.813
591.55 -228.813
610.974 -239.662
610.974 -239.662
618.044 -242.4
618.044 -242.4
618.044 -242.4
618.044 -242.4
678.39 -270.849
634.41 -248.56
634.41 -248.56
634.41 -248.56
635.039 -247.909
635.039 -247.909
678.604 -265.953
678.604 -265.953
672.62 -260.799
672.62 -260.799
118.647 110.836
118.647 110.836
243.064 67.5822
243.064 67.5822
243.064 67.5822
243.064 67.5822
243.064 67.5822
232.916 72.0005
232.916 72.0005
232.916 72.0005
232.916 72.0005
227.2 74.5275
227.2 74.5275
227.2 74.5275
226.707 75.7989
226.707 75.7989
-195.644 314.743
-195.644 314.743
-103.129 268.961
-103.129 268.961
-115.051 280.508
-115.051 280.508
-136.793 267.522
-136.793 267.522
-136.793 267.522
-148.375 241.402
-670.354 161.321
-670.354 161.321
-670.354 161.321
-670.354 161.321
-478.396 88.4753
-404.861 19.7323
-404.861 19.7323
-404.861 19.7323
-370.189 -19.9454
-370.189 -19.9454
-348.346 -46.4778
-348.346 -46.4778
-456.421 -18.3785
-456.421 -18.3785
-456.421 -18.3785
-456.421 -18.3785
-456.421 -18.3785
-456.421 -18.3785
-456.421 -18.3785
-456.421 -18.3785
-209.255 -214.103
-209.255 -214.103
-209.255 -214.103
-209.255 -214.103
-307.671 -168.968
-360.268 -148.267
-360.268 -148.267
-385.577 -137.39
-385.577 -137.39
-560.648 35.0596
-560.648 35.0596
-327.507 -98.648
-327.507 -98.648
-327.507 -98.648
-80.7484 -148.404
-80.7484 -148.404
72.8354 -147.297
72.8354 -147.297
72.8354 -147.297
182.408 -143.866
182.408 -143.866
563.41 -72.4016
563.41 -72.4016
939.132 -154.987
939.132 -154.987
879.932 -119.845
879.932 -119.845
876.015 -115.793
876.015 -115.793
876.37 -95.8498
876.37 -95.8498
950.614 -35.3323
950.614 -35.3323
950.614 -35.3323
1407.42 -93.7516
1407.42 -93.7516
1339.22 -70.4781
1339.22 -70.4781
1339.22 -70.4781
1320.31 -63.2919
1309.85 -59.2136
1309.85 -59.2136
1309.85 -59.2136
1232.4 -85.9102
1232.4 -85.9102
1516.27 -508.9
1516.27 -508.9
1516.27 -508.9
1443.68 -432.171
1443.68 -432.171
1436.48 -423.003
1436.48 -423.003
1429.23 -414.249
1429.23 -414.249
1288.31 -285.23
1288.31 -285.23
1450.93 -393.877
1450.93 -393.877
1450.93 -393.877
1414.53 -367.69
1414.53 -367.69
1414.53 -367.69
1414.53 -367.69
1414.53 -367.69
1414.53 -367.69
1414.53 -367.69
1414.53 -367.69
1414.53 -367.69
1414.53 -367.69
1425.93 -374.667
1465.9 -391.523
1465.9 -391.523
1407.27 -359.522
1407.27 -359.522
1600.87 -377.194
1600.87 -377.194
1598.81 -379.53
1598.81 -379.53
1610.34 -391.289
1610.34 -391.289
1615.86 -395.569
1615.86 -395.569
1615.86 -395.569
1615.86 -395.569
1738.58 -491.869
1543.51 -355.799
1543.51 -355.799
1581.92 -380.427
1581.92 -380.427
1581.92 -380.427
640 400
640 400
1590.24 -385.259
1590.24 -385.259
1552.23 -354.782
1552.23 -354.782
1583.93 -379.275
1583.93 -379.275
667.68 -316.191
667.68 -316.191
551.029 -279.898
551.029 -279.898
551.029 -279.898
496.406 -257.343
496.406 -257.343
454.741 -242.734
454.741 -242.734
202.266 -157.415
202.266 -157.415
459.803 -314.377
459.803 -314.377
541.874 -363.49
541.874 -363.49
541.874 -363.49
585.717 -389.437
585.717 -389.437
613.262 -406.02
613.262 -406.02
758.034 -496.444
758.034 -496.444
742.164 -477.787
742.164 -477.787
742.164 -477.787
742.164 -477.787
694.124 -379.77
666.86 -321.843
666.86 -321.843
649.868 -283.215
649.868 -283.215
557.8 -67.4795
557.8 -67.4795
554.843 -72.9498
554.843 -72.9498
554.843 -72.9498
554.666 -71.3293
554.666 -71.3293
593.638 -83.2053
593.638 -83.2053
593.638 -83.2053
594.876 -83.1271
594.876 -83.1271
586.146 -80.3167
586.146 -80.3167
231.963 -182.757
231.963 -182.757
229.771 -179.248
229.771 -179.248
229.771 -179.248
210.82 -171.984
210.82 -171.984
178.044 -162.556
178.044 -162.556
189.995 -163.674
189.995 -163.674
-121.758 -68.0707
-121.758 -68.0707
-116.847 -63.8527
-116.847 -63.8527
-107.903 -64.2633
-107.903 -64.2633
-107.903 -64.2633
-107.903 -64.2633
-107.903 -64.2633
-107.903 -64.2633
-107.903 -64.2633
-107.903 -64.2633
-107.903 -64.2633
-114.566 -61.8006
-114.566 -61.8006
-115.877 -60.3556
-115.877 -60.3556
-115.877 -60.3556
-249.955 -14.9529
-249.955 -14.9529
-95.3532 -55.209
-95.3532 -55.209
-163.37 -33.1839
-163.37 -33.1839
-181.867 -25.4562
-181.867 -25.4562
76.1159 -60.5262
76.1159 -60.5262
76.1159 -60.5262
772.31 -100.602
772.31 -100.602
859.95 -60.8624
859.95 -60.8624
844.606 -84.0795
844.606 -84.0795
844.606 -84.0795
844.606 -84.0795
844.606 -84.0795
844.606 -84.0795
844.606 -84.0795
844.606 -84.0795
844.606 -84.0795
800.357 -102.555
800.357 -102.555
800.357 -102.555
769.85 -163.181
769.85 -163.181
519.726 -272.342
519.726 -272.342
435.59 -223.243
435.59 -223.243
490.245 -252.813
490.245 -252.813
490.245 -252.813
472.821 -245.863
528.456 -270.918
528.456 -270.918
528.456 -270.918
519.22 -289.871
519.22 -289.871
593.354 -305.526
593.354 -305.526
554.002 -287.07
554.002 -287.07
554.002 -287.07
557.226 -283.871
560.704 -280.374
560.704 -280.374
560.704 -280.374
730.123 -29.0015
730.123 -29.0015
732.178 -70.6955
732.178 -70.6955
732.178 -70.6955
737.09 -79.6939
768.869 -90.4171
768.869 -90.4171
758.798 -97.6413
758.798 -97.6413
758.798 -97.6413
707.75 -106.21
707.75 -106.21
704.75 -106.129
704.75 -106.129
682.016 -96.6456
682.016 -96.6456
652.513 -82.9204
652.513 -82.9204
689.223 -98.2479
689.223 -98.2479
689.223 -98.2479
590.345 -54.5599
590.345 -54.5599
716.509 -114.829
716.509 -114.829
723.266 -118.545
723.266 -118.545
707.929 -113.53
707.929 -113.53
707.929 -113.53
697.216 -109.4
697.216 -109.4
698.214 -110.573
698.214 -110.573
701.723 -112.318
701.723 -112.318
703.419 -113.026
703.419 -113.026
703.419 -113.026
704.034 -113.218
704.034 -113.218
704.679 -113.476
704.679 -113.476
708.927 -115.298
708.927 -115.298
705.689 -114.004
705.689 -114.004
703.094 -112.946
703.094 -112.946
701.807 -112.383
701.807 -112.383
701.807 -112.383
585.329 -64.6264
585.329 -64.6264
585.329 -64.6264
583.841 -62.8465
583.081 -63.3307
583.081 -63.3307
583.081 -63.3307
581.884 -63.0827
581.884 -63.0827
580.598 -62.6788
580.598 -62.6788
580.598 -62.6788
579.248 -62.103
595.982 -68.8715
595.982 -68.8715
592.004 -67.071
592.004 -67.071
592.004 -67.071
600.883 -70.5784
600.883 -70.5784
596.721 -68.5867
596.721 -68.5867
596.721 -68.5867
601.471 -70.4363
605.116 -71.7478
605.116 -71.7478
605.116 -71.7478
605.116 -71.7478
605.116 -71.7478
607.864 -72.9515
607.864 -72.9515
607.864 -72.9515
606.216 -305.524
592.271 -356.539
592.271 -356.539
654.391 -385.26
654.391 -385.26
641.736 -395.606
641.736 -395.606
641.736 -395.606
629.778 -409.628
629.778 -409.628
629.778 -409.628
601.347 -419.519
601.347 -419.519
601.347 -419.519
601.347 -419.519
601.347 -419.519
601.347 -419.519
601.347 -419.519
601.347 -419.519
597.772 -435.964
597.772 -435.964
692.922 -404.41
692.922 -404.41
731.112 -381.393
731.112 -381.393
731.112 -381.393
693.053 -352.118
693.053 -352.118
848.258 -224.964
848.258 -224.964
738.227 -156.761
738.227 -156.761
752.024 -166.27
752.024 -166.27
752.024 -166.27
759.904 -171.167
759.904 -171.167
762.213 -172.829
762.213 -172.829
785.367 -187.094
785.367 -187.094
785.367 -187.094
785.367 -187.094
772.219 -181.196
772.219 -181.196
722.238 -157.047
722.238 -157.047
722.238 -157.047
727.532 -159.248
727.532 -159.248
733.393 -162.17
733.393 -162.17
734.128 -162.502
734.128 -162.502
723.57 -157.201
723.57 -157.201
723.57 -157.201
727.593 -158.817
727.593 -158.817
727.593 -158.817
727.326 -158.4
728.436 -158.548
728.436 -158.548
738.019 -162.584
738.019 -162.584
745.939 -165.722
745.939 -165.722
745.939 -165.722
752.657 -168.327
752.657 -168.327
751.408 -165.837
751.408 -165.837
1031.39 730.634
1031.39 730.634
1031.39 730.634
1021 730.47
1010.75 718.133
1010.75 718.133
1010.75 718.133
1004.1 711.445
1004.1 711.445
1000.9 705.154
1000.9 705.154
969.636 668.407
969.636 668.407
969.636 668.407
974.643 673.123
974.643 673.123
977.427 671.312
977.427 671.312
975.635 671.715
975.635 671.715
973.719 671.736
973.719 671.736
973.153 671.881
973.153 671.881
969.441 673.206
969.441 673.206
969.441 673.206
969.228 673.367
969.228 673.367
970.396 673.231
970.396 673.231
964.958 675.201
964.958 675.201
964.946 675.428
964.946 675.428
964.946 675.428
964.767 675.787
964.767 675.787
960.704 677.125
960.704 677.125
961.833 677.233
961.833 677.233
961.833 677.233
964.165 677.134
960.717 678.299
960.717 678.299
960.717 678.299
960.717 678.299
962.972 678.28
969.18 677.508
969.18 677.508
971.65 677.417
971.65 677.417
971.65 677.417
974.296 677.236
979.406 676.691
979.406 676.691
979.406 676.691
984.16 676.327
984.16 676.327
988.644 676.128
988.644 676.128
988.644 676.128
993.206 676.064
993.206 676.064
997.44 676.17
997.44 676.17
1001.54 676.378
1001.54 676.378
1005.45 676.729
1005.45 676.729
1009 677.223
1009 677.223
1012.58 677.723
1012.58 677.723
1012.58 677.723
1011.71 679.256
1011.71 679.256
1009.33 681.152
1009.33 681.152
1008.48 682.631
1008.48 682.631
1006.2 684.562
1006.2 684.562
1006.2 684.562
1003.4 686.575
1003.4 686.575
889.49 723.497
889.49 723.497
942.467 718.584
942.467 718.584
937.33 718.478
937.33 718.478
933.916 719.274
933.916 719.274
932.132 719.85
932.132 719.85
932.132 719.85
930.477 720.329
930.477 720.329
929.219 720.69
929.219 720.69
929.219 720.69
937.632 719.134
939.37 718.938
939.37 718.938
939.37 718.938
939.561 719.064
939.561 719.064
944.546 718.164
944.546 718.164
944.82 718.238
944.82 718.238
944.82 718.238
945.646 718.185
945.646 718.185
945.646 718.185
945.646 718.185
945.646 718.185
945.646 718.185
945.646 718.185
945.646 718.185
945.646 718.185
945.589 718.312
945.589 718.312
948.825 717.638
948.825 717.638
951.744 716.994
951.744 716.994
951.698 717.022
951.698 717.022
951.34 717.058
951.34 717.058
951.34 717.058
950.323 717.243
950.323 717.243
949.812 716.826
949.812 716.826
756.48 708.162
756.48 708.162
756.761 709.989
756.761 709.989
756.761 709.989
756.568 710.729
759.767 710.46
759.767 710.46
759.767 710.46
760.396 710.402
760.396 710.402
764.205 716.504
764.205 716.504
764.205 716.504
761.887 711.283
761.887 711.283
746.188 719.291
746.188 719.291
740.176 721.151
740.176 721.151
736.593 722.194
736.593 722.194
734.105 722.703
734.105 722.703
734.105 722.703
732.626 723.155
732.626 723.155
731.381 723.322
731.381 723.322
730.362 723.522
730.362 723.522
729.395 723.822
729.395 723.822
728.714 724.127
728.714 724.127
728.141 724.392
728.141 724.392
727.731 724.665
727.731 724.665
727.731 724.665
727.377 724.91
727.377 724.91
727.161 725.072
727.161 725.072
727.161 725.072
726.963 725.126
726.826 725.124
726.826 725.124
726.826 725.124
726.718 725.064
726.718 725.064
726.648 724.883
726.648 724.883
726.57 724.65
726.57 724.65
726.57 724.65
726.424 724.391
726.424 724.391
726.311 724.089
726.311 724.089
726.234 723.813
726.234 723.813
725.541 723.744
725.541 723.744
725.528 723.352
725.528 723.352
725.528 723.352
725.597 723.02
725.597 723.02
725.79 722.697
725.79 722.697
726.046 722.382
726.046 722.382
726.352 722.028
726.352 722.028
728.303 721.163
728.303 721.163
858.537 699.348
858.537 699.348
858.537 699.348
1000.27 713.485
1000.27 713.485
1014.46 704.137
1014.46 704.137
1014.46 704.137
1014.46 704.137
1018.99 702.898
1018.99 702.898
1039.33 692.922
1039.33 692.922
1039.33 692.922
1012.72 704.766
1012.72 704.766
1015.17 702.2
1015.17 702.2
1008.15 702.754
1008.15 702.754
1004.83 703.165
1004.83 703.165
1004.83 703.165
1004.83 703.165
1002.14 703.729
1002.14 703.729
1002.14 703.729
1002.14 703.729
1002.14 703.729
1002.14 703.729
1002.14 703.729
1002.14 703.729
1003.82 703.343
1003.82 703.343
1005.59 702.892
1005.59 702.892
1006.38 702.703
1006.38 702.703
1008.21 702.239
1008.21 702.239
1008.21 702.239
1009.83 701.773
1009.83 701.773
1013.53 700.873
1013.53 700.873
1013.7 700.674
1013.7 700.674
1013.7 700.674
1013.83 700.459
1013.83 700.459
1013.77 700.214
1013.77 700.214
1013.77 700.214
1014.5 699.841
1011.02 700.167
1011.02 700.167
1007.67 700.419
1007.67 700.419
1004.4 700.611
1004.4 700.611
1001.22 700.79
1001.22 700.79
1001.22 700.79
998.083 700.974
998.083 700.974
998.083 700.974
998.083 700.974
998.083 700.974
998.083 700.974
998.083 700.974
998.083 700.974
995.025 701.148
995.025 701.148
995.025 701.148
992.106 701.321
992.106 701.321
988.766 701.371
988.766 701.371
985.323 701.539
985.323 701.539
985.17 701.218
985.17 701.218
985.17 701.218
985.461 700.842
985.461 700.842
985.461 700.842
985.461 700.842
985.461 700.842
985.461 700.842
985.461 700.842
985.461 700.842
985.461 700.842
985.469 700.484
985.469 700.484
982.212 700.663
982.212 700.663
978.905 700.922
978.905 700.922
975.739 701.157
975.739 701.157
975.93 700.883
975.93 700.883
975.93 700.883
972.828 701.144
