640 400
738.434 253.705
640 400
640 400
640 400
640 400
640 400
640 400
640 400
640 400
640 400
640 400
640 400
640 400
640 400
724.911 252.895
724.911 252.895
724.911 252.895
724.911 252.895
724.995 208.971
717.229 250.477
717.229 250.477
717.229 250.477
718.139 247.28
718.139 247.28
718.139 247.28
718.139 247.28
717.906 246.425
717.688 245.461
717.688 245.461
717.318 244.775
717.318 244.775
717.318 244.775
717.104 244.522
716.823 244.826
716.823 244.826
716.823 244.826
716.591 245.193
716.591 245.193
716.325 245.748
716.325 245.748
716.046 246.16
716.046 246.16
715.693 246.486
715.693 246.486
715.356 246.703
715.356 246.703
715.356 246.703
715.065 246.892
715.065 246.892
714.781 247.029
714.781 247.029
714.532 247.134
714.532 247.134
714.532 247.134
714.278 247.237
714.278 247.237
714.278 247.237
713.847 247.43
713.847 247.43
713.847 247.43
713.68 247.523
713.68 247.523
713.496 247.612
713.496 247.612
713.341 247.717
713.341 247.717
713.078 247.775
713.078 247.775
713.078 247.775
712.764 247.971
712.764 247.971
712.764 247.971
712.499 248.268
712.241 248.56
712.241 248.56
712.241 248.56
711.971 248.942
711.971 248.942
526.365 153.486
526.365 153.486
173.797 54.6305
175.44 57.921
175.44 57.921
131.204 43.9681
131.204 43.9681
131.204 43.9681
105.38 39.7194
105.38 39.7194
26.1497 17.654
26.1497 17.654
33.3983 24.7274
33.3983 24.7274
33.2836 24.642
33.2836 24.642
36.5541 27.1212
36.5541 27.1212
39.7243 28.9825
39.7243 28.9825
39.7243 28.9825
39.7243 28.9825
39.0677 28.7347
36.4393 28.0775
36.4393 28.0775
33.9711 27.9259
33.9711 27.9259
30.2785 27.1504
30.2785 27.1504
30.2785 27.1504
26.5804 26.2518
26.5804 26.2518
26.5804 26.2518
23.0402 25.3183
19.809 24.4576
19.809 24.4576
19.809 24.4576
16.5408 23.5078
16.5408 23.5078
13.3421 22.5611
13.3421 22.5611
13.3421 22.5611
10.3211 21.6767
7.4332 20.8224
7.4332 20.8224
4.6126 19.9981
4.6126 19.9981
1.9732 19.2685
1.9732 19.2685
1.9732 19.2685
-0.6615 18.5742
-0.6615 18.5742
-0.6615 18.5742
-3.183 17.9294
-5.6644 17.3069
-5.6644 17.3069
-8.1242 16.688
-8.1242 16.688
-9.5592 16.1243
-9.5592 16.1243
-13.202 15.1164
-13.202 15.1164
-13.202 15.1164
-13.202 15.1164
-13.202 15.1164
-13.202 15.1164
-13.202 15.1164
-13.202 15.1164
-13.202 15.1164
-13.202 15.1164
-13.202 15.1164
-13.202 15.1164
-13.202 15.1164
-13.202 15.1164
-13.202 15.1164
-13.202 15.1164
-13.202 15.1164
-13.202 15.1164
-13.202 15.1164
-13.202 15.1164
-13.202 15.1164
-13.202 15.1164
-13.202 15.1164
-13.202 15.1164
4494.8 829.735
4494.8 829.735
4494.8 829.735
4494.8 829.735
4494.8 829.735
4494.8 829.735
3771.63 853.599
3771.63 853.599
3771.63 853.599
3771.63 853.599
3771.63 853.599
3771.63 853.599
3771.63 853.599
3771.63 853.599
3771.63 853.599
3771.63 853.599
3771.63 853.599
3704.48 873.139
3704.48 873.139
3704.48 873.139
3704.48 873.139
3704.48 873.139
3704.48 873.139
3704.48 873.139
3704.48 873.139
3704.48 873.139
3704.48 873.139
3704.48 873.139
3704.48 873.139
3704.48 873.139
3704.48 873.139
3704.48 873.139
3704.48 873.139
3704.48 873.139
3704.48 873.139
3704.48 873.139
3704.48 873.139
3704.48 873.139
3704.48 873.139
3704.48 873.139
3704.48 873.139
3704.48 873.139
3704.48 873.139
3704.48 873.139
3704.48 873.139
3704.48 873.139
3704.48 873.139
3704.48 873.139
3704.48 873.139
3704.48 873.139
3704.48 873.139
3704.48 873.139
3704.48 873.139
3704.48 873.139
3704.48 873.139
3704.48 873.139
3704.48 873.139
3704.48 873.139
3704.48 873.139
3704.48 873.139
2969.89 720.848
2969.89 720.848
2969.89 720.848
2969.89 720.848
2969.89 720.848
2969.89 720.848
2969.89 720.848
2969.89 720.848
2969.89 720.848
2969.89 720.848
2969.89 720.848
2969.89 720.848
2969.89 720.848
2969.89 720.848
2969.89 720.848
2268.74 428.022
473.966 -494.365
473.966 -494.365
861.143 -370.905
861.143 -370.905
933.893 -340.876
933.893 -340.876
1006.32 -295.995
1006.32 -295.995
1072.93 -280.5
1072.93 -280.5
1362.91 -265.806
1362.91 -265.806
1362.91 -265.806
1259.66 -187.999
1278.01 -203.404
1278.01 -203.404
1278.01 -203.404
1278.01 -203.404
1270.86 -199.534
1270.86 -199.534
1270.86 -199.534
1270.86 -199.534
1270.86 -199.534
1270.86 -199.534
1270.86 -199.534
1276.86 -204.406
1276.86 -204.406
1276.86 -204.406
1278.06 -206.752
1278.06 -206.752
1452.67 -416.678
1452.67 -416.678
1455.28 -407.381
1455.28 -407.381
1508.55 -445.036
1508.55 -445.036
1508.55 -445.036
1486.3 -427.125
1452.17 -403.64
1452.17 -403.64
1452.17 -403.64
1562.01 -432.871
1562.01 -432.871
1562.01 -432.871
1427.97 -383.675
1457.27 -396.137
1457.27 -396.137
1493 -414.448
1493 -414.448
1493.62 -414.627
1493.62 -414.627
1455.57 -394.394
1455.57 -394.394
1455.57 -394.394
1563.69 -454.111
1563.69 -454.111
1512.65 -424.012
1512.65 -424.012
1512.65 -424.012
1512.65 -424.012
1495.52 -413.91
1495.52 -413.91
1093.51 -348.22
1093.51 -348.22
1093.51 -348.22
-84.0941 -147.6
-84.0941 -147.6
-79.5862 -141.776
-79.5862 -141.776
-68.3631 -140.951
-68.3631 -140.951
-68.3631 -140.951
-67.5763 -138.88
-67.5763 -138.88
-62.7918 -132.693
-63.3585 -128.379
-63.3585 -128.379
-57.2974 -126.815
-57.2974 -126.815
-61.8154 -123.959
-61.8154 -123.959
-61.8154 -123.959
-61.8154 -123.959
-61.8154 -123.959
-61.8154 -123.959
-61.8154 -123.959
-61.8154 -123.959
-65.0924 -121.781
-65.0924 -121.781
-63.6581 -120.896
-63.6581 -120.896
-62.4432 -120.034
-62.4432 -120.034
-65.8014 -118.442
-65.8014 -118.442
-64.2837 -117.857
-64.2837 -117.857
-64.2837 -117.857
-63.3165 -117.227
-63.3165 -117.227
-63.3165 -117.227
-63.5116 -116.415
-55.9359 -117.082
-55.9359 -117.082
-55.9359 -117.082
-49.1103 -117.551
-49.1103 -117.551
-42.7501 -117.94
-42.7501 -117.94
-42.7501 -117.94
-36.7888 -118.278
-36.6523 -117.648
-36.6523 -117.648
-36.6523 -117.648
-31.2024 -117.952
-31.2024 -117.952
-30.9041 -117.415
-30.9041 -117.415
-31.8572 -116.69
-25.9656 -116.457
-25.9656 -116.457
-28.9478 -114.887
-28.9478 -114.887
623.085 -23.3622
623.085 -23.3622
623.085 -23.3622
623.085 -23.3622
845.045 -286.579
1080.34 -419.039
1080.34 -419.039
1153.02 -480.985
1153.02 -480.985
1264.74 -595.598
1264.74 -595.598
1467.1 -673.739
1467.1 -673.739
1310.06 -418.274
1310.06 -418.274
1387.92 -531.312
1387.92 -531.312
1387.92 -531.312
1387.92 -531.312
1404.58 -553.33
1424.44 -582.813
1424.44 -582.813
1438.07 -591.514
1438.07 -591.514
1334.96 -413.932
1334.96 -413.932
1397.63 -450.842
1397.63 -450.842
1395.37 -484.618
1395.37 -484.618
1154.85 -457.524
1154.85 -457.524
186.831 -309.534
186.831 -309.534
186.831 -309.534
129.82 -289.764
166.01 -292.596
211.723 -295.755
211.723 -295.755
211.723 -295.755
200.188 -291.071
200.188 -291.071
154.423 -277.37
154.423 -277.37
154.423 -277.37
-42.5292 -239.155
-42.5292 -239.155
-177.535 -176.378
-177.535 -176.378
-226.919 -159.671
-226.919 -159.671
-226.919 -159.671
-226.919 -159.671
-226.919 -159.671
-252.229 -152.7
-252.229 -152.7
-327.179 -135.203
-327.179 -135.203
-148.294 -197.751
-148.294 -197.751
-238.531 -172.246
-238.531 -172.246
-238.531 -172.246
-271.107 -162.386
-271.107 -162.386
-287.578 -157.225
-287.578 -157.225
-335.345 -141.616
-335.345 -141.616
-337.016 -141.058
-337.016 -141.058
-337.321 -141.186
-337.321 -141.186
-337.608 -141.031
-337.608 -141.031
-337.905 -140.917
-337.905 -140.917
-337.905 -140.917
-338.093 -140.913
-338.093 -140.913
-338.093 -140.913
-153.005 -197.68
-153.005 -197.68
-336.643 -142.158
-336.643 -142.158
-336.374 -142.199
-336.374 -142.199
-336.374 -142.199
-336.374 -142.199
-336.155 -142.324
-335.836 -142.503
-335.836 -142.503
-335.597 -142.634
-335.597 -142.634
-335.597 -142.634
-335.205 -142.862
-334.814 -143.06
-334.38 -143.273
-334.38 -143.273
-334.38 -143.273
-333.887 -143.512
-333.887 -143.512
-333.346 -143.765
-333.346 -143.765
-333.346 -143.765
-332.85 -143.995
-332.85 -143.995
-332.85 -143.995
-142.52 -201.393
-260.016 -175.762
-260.016 -175.762
-811.269 20.566
-907.127 134.092
-907.127 134.092
-964.167 188.997
-1126.06 354.72
-1126.06 354.72
-1126.06 354.72
-1016.35 347.953
-1016.35 347.953
-1068.57 371.377
-1068.57 371.377
-1062.55 367.156
-1062.55 367.156
-1062.55 367.156
-1059.45 365.105
-1059.5 364.84
-1059.5 364.84
-1059.5 364.84
-1059.13 364.74
-1059.13 364.74
-1068.09 368.791
-1068.09 368.791
-1068.09 368.791
-1070.56 370.176
-1070.56 370.176
-1068.75 369.914
-1068.75 369.914
-1066.11 369.354
-1066.11 369.354
-1059.76 367.361
-1059.76 367.361
-1060.35 368.12
-1060.35 368.12
-1062.15 369.307
-1062.15 369.307
-1061.02 369.345
-1061.02 369.345
-1061.02 369.345
-1055.99 367.863
-1055.99 367.863
-1056.42 369.302
-1056.42 369.302
-884.46 370.087
268.616 584.357
268.616 584.357
268.616 584.357
-9.446 467.971
-9.446 467.971
357.237 561.326
357.237 561.326
595.078 540.023
595.078 540.023
595.078 540.023
1307.59 477.442
1307.59 477.442
1283.6 369.881
1283.6 369.881
1279.6 370.844
1279.6 370.844
1334.79 380.287
1334.79 380.287
1334.79 380.287
1334.79 380.287
1330.4 379.977
1335.04 382.151
1335.04 382.151
1341.94 383.799
1341.94 383.799
1341.94 383.799
1293.63 377.056
1296.51 377.033
1296.51 377.033
1296.51 377.033
1301.82 377.214
1326.57 379.64
1326.57 379.64
1326.57 379.64
1330.99 379.825
1330.99 379.825
1337.27 380.254
1337.27 380.254
1337.27 380.254
1335.5 379.659
1335.5 379.659
1334.8 379.368
1336.6 379.509
1336.6 379.509
1336.6 379.509
1336.6 379.509
1335.58 379.219
1338.45 379.665
1338.45 379.665
1338.45 379.665
1329.93 377.98
1330.16 378.07
1330.16 378.07
1330.16 378.07
1330.95 378.274
1330.95 378.274
1330.95 378.274
1331.61 378.472
1330.81 378.359
1328.17 377.861
1334.48 379.462
1335.46 379.762
1335.46 379.762
1335.46 379.762
1333.71 379.394
1333.71 379.394
1334 379.572
1334 379.572
1332.51 379.294
1332.51 379.294
1335.32 379.97
1335.32 379.97
1335.32 379.97
1336.28 380.341
1336.28 380.341
1336.78 380.696
1328.83 379.164
1328.83 379.164
1322.34 377.842
1322.34 377.842
1322.34 377.842
1322.04 378.211
1322.04 378.211
1322.89 378.792
1322.89 378.792
1322.39 379.144
1322.39 379.144
1227.8 -81.8118
640 400
640 400
1323.59 -100.584
1323.59 -100.584
1318.38 -102.861
1311.97 -104.791
1311.97 -104.791
1329.8 -104.431
1210.96 -120.943
1210.96 -120.943
1319.92 -98.823
1312.46 -103.027
1312.46 -103.027
1310.19 -104.093
1310.19 -104.093
1299.59 -106.32
1291.98 -107.854
1291.98 -107.854
1294.32 -107.436
1307.31 -105.316
1317.35 -103.807
1210.04 -123.572
1210.04 -123.572
1210.04 -123.572
1300.59 -110.99
1472.4 -203.309
1472.4 -203.309
1529.61 -233.371
1529.61 -233.371
1559.55 -248.844
1641.42 -293.016
1641.42 -293.016
1641.42 -293.016
1640.8 -285.785
1639.93 -289.518
1639.93 -289.518
1639.93 -289.518
1640.26 -287.472
1640.26 -287.472
1656.35 -289.248
1656.35 -289.248
1659.07 -288.885
1659.07 -288.885
1655.37 -288.026
1655.37 -288.026
1243.13 -576.345
1243.13 -576.345
1241.59 -662.733
1241.59 -662.733
1353.99 -735.337
1353.99 -735.337
1353.99 -735.337
1367.2 -767.257
1404.98 -819.887
1404.98 -819.887
1378.68 -841.13
1378.68 -841.13
1378.68 -841.13
1261.55 -730.277
1261.55 -730.277
1338.57 -784.289
1338.57 -784.289
1345.93 -790.617
1345.93 -790.617
1343.88 -789.829
1343.88 -789.829
1343.88 -789.829
1493.46 -916.521
1493.46 -916.521
1493.46 -916.521
1387.3 -829.537
1327.39 -778.56
1327.39 -778.56
1327.39 -778.56
1307.24 -762.709
1307.24 -762.709
1326.32 -780.042
426.888 -481.149
426.888 -481.149
426.888 -481.149
426.888 -481.149
426.888 -481.149
426.888 -481.149
426.888 -481.149
426.888 -481.149
426.888 -481.149
426.888 -481.149
215.933 365.652
215.933 365.652
215.933 365.652
241.7 275.752
302.524 196.075
302.524 196.075
302.524 196.075
362.936 135.218
362.936 135.218
448.529 -30.8382
448.529 -30.8382
467.477 -32.3186
467.477 -32.3186
432.358 -31.4978
432.358 -31.4978
446.602 -32.0511
446.602 -32.0511
446.602 -32.0511
456.464 -32.248
481.87 -33.7636
481.87 -33.7636
481.87 -33.7636
632.82 -43.6002
632.82 -43.6002
674.385 -42.6466
705.564 -50.9761
705.564 -50.9761
705.564 -50.9761
711.689 -56.4511
711.689 -56.4511
715.794 -58.3169
764.386 -63.8363
764.386 -63.8363
724.354 -70.3107
724.354 -70.3107
724.354 -70.3107
727.971 -70.781
727.971 -70.781
727.971 -70.781
730.99 -69.621
730.99 -69.621
731.565 -68.7956
732.586 -67.84
732.586 -67.84
732.586 -67.84
736.074 -66.4265
736.074 -66.4265
736.117 -66.2364
736.117 -66.2364
736.262 -66.2265
736.262 -66.2265
736.262 -66.2265
736.202 -66.2249
735.777 -66.5914
735.777 -66.5914
735.777 -66.5914
735.604 -66.8243
735.604 -66.8243
735.381 -67.0337
735.381 -67.0337
736.236 -66.5848
736.236 -66.5848
735.958 -66.5767
735.801 -66.4133
735.801 -66.4133
735.801 -66.4133
735.655 -66.2277
735.655 -66.2277
736.202 -65.6971
736.202 -65.6971
736.202 -65.6971
736.076 -65.4025
736.419 -64.7821
736.708 -64.1295
736.708 -64.1295
736.935 -63.4246
736.935 -63.4246
737.146 -62.66
737.146 -62.66
737.601 -61.7219
737.601 -61.7219
737.926 -60.7439
737.926 -60.7439
737.926 -60.7439
737.926 -60.7439
737.926 -60.7439
737.926 -60.7439
737.926 -60.7439
737.926 -60.7439
737.926 -60.7439
622.006 -25.1703
622.006 -25.1703
601.526 -201.736
601.526 -201.736
601.526 -201.736
675.349 -262.759
675.349 -262.759
688.097 -283.387
738.074 -317.291
738.074 -317.291
736.442 -376.973
736.442 -376.973
736.442 -376.973
617.207 -344.783
617.207 -344.783
694.327 -363.83
694.327 -363.83
694.327 -363.83
714.76 -371.201
714.76 -371.201
718.315 -373.024
718.315 -373.024
884.479 -408.744
884.479 -408.744
753.661 -383.341
753.661 -383.341
753.661 -383.341
746.736 -381.859
742.195 -380.352
742.195 -380.352
742.195 -380.352
776.928 -386.89
776.928 -386.89
797.609 -390.878
797.609 -390.878
789.865 -389.968
789.865 -389.968
802.791 -391.902
802.791 -391.902
801.023 -391.619
801.023 -391.619
801.023 -391.619
796.735 -390.874
790.2 -389.728
790.2 -389.728
790.2 -389.728
788.284 -389.285
719.117 -376.809
719.117 -376.809
769.912 -384.29
769.912 -384.29
694.571 -373.843
694.571 -373.843
640 400
711.226 -375.201
711.226 -375.201
711.226 -375.201
700.369 -342.244
700.369 -342.244
694.542 -327.817
694.542 -327.817
685.12 -319.199
685.12 -319.199
685.12 -319.199
681.643 -313.509
672.464 -290.704
672.464 -290.704
672.464 -290.704
672.464 -290.704
669.836 -266.092
668.744 -265.293
668.744 -265.293
671.256 -267.695
671.256 -267.695
671.256 -267.695
678.93 -269.546
678.93 -269.546
676.81 -270.103
676.81 -270.103
673.235 -270.263
549.281 -257.02
549.281 -257.02
549.281 -257.02
786.255 -290.6
786.255 -290.6
724.86 -280.925
724.86 -280.925
724.86 -280.925
714.441 -279.267
714.441 -279.267
695.02 -276.151
695.02 -276.151
713.659 -280.566
713.659 -280.566
713.659 -280.566
707.628 -279.476
706.278 -279.134
706.278 -279.134
706.278 -279.134
700.655 -277.861
700.655 -277.861
695.113 -276.52
695.113 -276.52
695.113 -276.52
691.44 -274.453
492.923 -132.477
492.923 -132.477
492.923 -132.477
493.129 -132.329
493.129 -132.329
479.463 -131.591
479.463 -131.591
481.455 -132.674
481.455 -132.674
481.455 -132.674
484.442 -133.498
484.442 -133.498
491.994 -143.861
492.717 -143.081
492.717 -143.081
557.09 -144.604
557.09 -144.604
495.558 -142.923
495.558 -142.923
464.867 -142.331
464.867 -142.331
494.992 -142.822
494.992 -142.822
494.992 -142.822
379.467 -143.784
379.467 -143.784
441.586 -140.619
441.586 -140.619
441.586 -140.619
536.312 -99.0428
536.312 -99.0428
583.658 -76.407
583.658 -76.407
734.785 -11.6679
734.785 -11.6679
733.901 -13.9528
733.901 -13.9528
729.305 -14.2326
729.305 -14.2326
726.676 -13.374
726.676 -13.374
725.867 -12.3411
725.867 -12.3411
725.867 -12.3411
724.687 -12.1336
724.687 -12.1336
719.855 -12.6016
719.855 -12.6016
719.855 -12.6016
709.935 -13.9551
711.8 -13.89
711.8 -13.89
711.8 -13.89
797.934 558.869
797.934 558.869
884.619 621.471
884.619 621.471
818.103 485.754
818.103 485.754
818.103 485.754
818.32 453.253
840.828 441.954
840.828 441.954
840.828 441.954
817.677 271.532
707.904 20.103
707.904 20.103
707.904 20.103
736.654 -44.1967
736.654 -44.1967
739.636 -65.7675
739.636 -65.7675
763.696 -90.561
763.696 -90.561
763.696 -90.561
763.696 -90.561
720.969 -143.123
720.969 -143.123
646.936 -135.76
646.936 -135.76
702.11 -139.576
702.11 -139.576
719.135 -138.767
719.135 -138.767
728.708 -138.843
728.708 -138.843
726.635 -139.097
726.635 -139.097
652.651 -136.031
652.651 -136.031
746.286 -137.107
746.286 -137.107
746.286 -137.107
756.206 252.865
761.97 392.643
761.97 392.643
761.97 392.643
764.821 465.39
764.821 465.39
773.407 669.384
773.407 669.384
768.993 689.929
768.993 689.929
768.993 689.929
769.03 694.025
769.03 694.025
769.127 694.001
769.127 694.001
776.369 692.826
776.369 692.826
775.311 692.993
775.311 692.993
775.311 692.993
773.405 693.145
773.405 693.145
768.174 693.715
768.174 693.715
768.557 693.557
768.557 693.557
768.557 693.557
768.314 693.539
767.086 693.712
767.086 693.712
767.086 693.712
768.969 693.217
768.969 693.217
768.969 693.217
768.969 693.217
768.969 693.217
768.969 693.217
768.969 693.217
768.969 693.217
768.969 693.217
768.245 693.352
768.245 693.352
769.662 692.903
769.662 692.903
769.686 692.801
769.686 692.801
770.867 692.44
770.867 692.44
771.942 692.093
771.942 692.093
771.942 692.093
772.937 691.695
772.937 691.695
773.867 691.314
773.867 691.314
774.761 690.906
774.761 690.906
774.109 690.93
774.109 690.93
774.109 690.93
774.937 690.484
774.49 690.457
774.49 690.457
774.49 690.457
773.609 690.569
772.829 690.451
772.829 690.451
772.829 690.451
770.595 690.896
769.36 690.919
769.36 690.919
768.461 690.925
767.703 690.918
767.703 690.918
767.437 690.834
767.437 690.834
767.022 690.636
767.022 690.636
764.91 691.139
764.91 691.139
764.91 691.139
764.588 690.993
764.588 690.993
763.508 691.054
763.508 691.054
762.79 691.095
762.79 691.095
762.79 691.095
762.79 691.095
761.48 691.344
761.067 691.257
761.067 691.257
759.854 691.504
759.854 691.504
759.141 691.534
759.141 691.534
759.141 691.534
758.563 691.559
758.563 691.559
758.101 691.573
758.101 691.573
757.588 691.68
757.588 691.68
757.686 691.632
757.686 691.632
757.224 691.664
757.224 691.664
756.102 689.951
756.102 689.951
755.006 688.151
755.95 686.885
756.016 686.136
756.016 686.136
754.627 686.059
754.627 686.059
754.627 686.059
754.279 685.25
754.279 685.25
754.812 683.821
754.394 682.914
754.394 682.914
754.394 682.914
753.071 681.566
753.071 681.566
753.733 679.677
753.733 679.677
640 400
640 400
444.062 -459.402
519.718 -600.489
519.718 -600.489
608.472 -616.932
608.472 -616.932
628.921 -624.619
628.921 -624.619
675.438 -637.338
675.438 -637.338
686.645 -638.268
686.645 -638.268
614.98 -620.02
614.98 -620.02
614.98 -620.02
667.279 -624.494
667.279 -624.494
667.279 -624.494
667.279 -624.494
667.279 -624.494
667.279 -624.494
667.279 -624.494
667.279 -624.494
667.279 -624.494
679.862 -627.722
692.177 -629.717
692.177 -629.717
692.177 -629.717
821.673 -646.925
821.673 -646.925
675.795 -624.719
675.795 -624.719
643.117 -619.544
643.117 -619.544
667.759 -623.362
667.759 -623.362
682.569 -625.63
682.569 -625.63
693.706 -627.239
693.706 -627.239
699.648 -627.851
699.648 -627.851
699.648 -627.851
703.666 -628.197
707.781 -628.604
707.781 -628.604
708.087 -628.413
708.087 -628.413
704.621 -627.564
704.621 -627.564
704.621 -627.564
703.111 -627.123
703.111 -627.123
701.92 -626.8
701.92 -626.8
704.81 -627.28
704.81 -627.28
704.81 -627.28
703.812 -627.011
703.812 -627.011
707.694 -627.7
707.694 -627.7
705.787 -627.275
708.916 -627.87
708.916 -627.87
708.916 -627.87
709.962 -628.064
709.962 -628.064
703.196 -626.737
707.035 -627.716
707.035 -627.716
707.035 -627.716
707.035 -627.716
738.962 -637.356
837.603 -661.101
837.603 -661.101
837.603 -661.101
723.826 -635.777
723.826 -635.777
724.283 -636.256
716.908 -634.582
716.908 -634.582
713.436 -634.2
713.436 -634.2
731.156 -637.611
731.156 -637.611
731.156 -637.611
786.944 -654.518
786.944 -654.518
772.489 -651.612
772.489 -651.612
772.489 -651.612
790.471 -657.383
801.468 -661.864
801.468 -661.864
801.468 -661.864
788.015 -659.465
788.015 -659.465
778.323 -657.659
778.323 -657.659
778.323 -657.659
774.28 -657.23
774.28 -657.23
768.603 -656.174
768.603 -656.174
603.107 -613.617
603.107 -613.617
723.172 -649.116
722.925 -648.982
722.925 -648.982
704.43 -643.596
704.43 -643.596
705.622 -643.963
705.622 -643.963
710.185 -645.221
710.185 -645.221
710.185 -645.221
710.185 -645.221
710.185 -645.221
710.185 -645.221
710.185 -645.221
710.185 -645.221
710.185 -645.221
709.937 -645.048
709.937 -645.048
711.611 -644.423
54.5526 -202.758
54.5526 -202.758
54.5526 -202.758
56.7752 -190.103
56.7752 -190.103
51.868 -187.408
51.868 -187.408
51.868 -187.408
50.4034 -186.904
50.4034 -186.904
50.4034 -186.904
50.4034 -186.904
50.4034 -186.904
50.4034 -186.904
50.4034 -186.904
50.4034 -186.904
50.4034 -186.904
50.4034 -186.904
50.4034 -186.904
50.4034 -186.904
50.4034 -186.904
50.4034 -186.904
50.4034 -186.904
50.4034 -186.904
50.4034 -186.904
50.4034 -186.904
50.4034 -186.904
50.4034 -186.904
50.4034 -186.904
50.4034 -186.904
51.8041 -184.767
51.8041 -184.767
-557.896 -64.0057
-557.896 -64.0057
-570.036 -57.79
-570.036 -57.79
-574.951 -56.3748
-574.951 -56.3748
-577.163 -56.1035
-577.163 -56.1035
-518.258 -68.8269
-518.258 -68.8269
-518.258 -68.8269
-574.292 -68.505
-574.292 -68.505
-568.972 -71.5366
-568.972 -71.5366
-567.916 -71.4855
-567.916 -71.4855
-565.295 -72.3435
-565.295 -72.3435
-565.295 -72.3435
-563.41 -73.1629
-331.768 -118.043
-331.768 -118.043
-331.768 -118.043
-331.768 -118.043
-331.768 -118.043
-331.768 -118.043
-331.768 -118.043
-331.768 -118.043
-331.768 -118.043
-331.768 -118.043
-331.768 -118.043
-331.768 -118.043
-331.768 -118.043
-331.768 -118.043
-331.768 -118.043
-331.768 -118.043
-331.768 -118.043
-331.768 -118.043
-331.768 -118.043
-331.768 -118.043
-331.768 -118.043
-331.768 -118.043
-331.768 -118.043
-331.768 -118.043
-331.768 -118.043
-331.768 -118.043
-331.768 -118.043
-331.768 -118.043
-331.768 -118.043
-331.768 -118.043
-331.768 -118.043
-331.768 -118.043
-331.768 -118.043
-331.768 -118.043
-331.768 -118.043
-331.768 -118.043
-331.768 -118.043
-331.768 -118.043
-331.768 -118.043
-331.768 -118.043
-331.768 -118.043
-331.768 -118.043
-331.768 -118.043
-331.768 -118.043
-331.768 -118.043
-331.768 -118.043
-331.768 -118.043
-331.768 -118.043
-331.768 -118.043
-331.768 -118.043
-331.768 -118.043
-331.768 -118.043
-331.768 -118.043
-331.768 -118.043
-331.768 -118.043
-331.768 -118.043
-331.768 -118.043
-331.768 -118.043
-331.768 -118.043
-331.768 -118.043
-331.768 -118.043
-331.768 -118.043
-331.768 -118.043
-331.768 -118.043
-331.768 -118.043
-331.768 -118.043
-331.768 -118.043
-1362.98 100.271
-1362.98 100.271
-1362.98 100.271
-1362.98 100.271
-1362.98 100.271
-1362.98 100.271
-1362.98 100.271
-1362.98 100.271
-1362.98 100.271
-1362.98 100.271
-1362.98 100.271
-1362.98 100.271
-1362.98 100.271
-1362.98 100.271
-1362.98 100.271
-1362.98 100.271
-1348.68 102.328
-1348.68 102.328
-1344.47 121.319
-1344.47 121.319
-1341.39 127.5
-1341.39 127.5
-711.003 -26.5233
-711.003 -26.5233
-711.003 -26.5233
-1321.66 147.423
-1321.66 147.423
-1318.86 139.41
-1318.86 139.41
-1308.02 142.934
-1308.02 142.934
-1306.57 144.077
-1306.57 144.077
-1306.57 144.077
-1307.14 143.53
-1307.09 142.253
-1307.09 142.253
-1307.07 140.342
-1307.07 140.342
-1307.07 140.342
-1307.07 140.342
-1307.07 140.342
-1307.07 140.342
-1307.07 140.342
-1307.07 140.342
-1307.07 140.342
-1307.07 140.342
-1307.07 140.342
-1307.08 138.535
-1307.08 138.535
-1306.68 136.574
-1306.68 136.574
-704.169 -25.5666
-704.169 -25.5666
-704.169 -25.5666
-704.169 -25.5666
-704.169 -25.5666
-704.169 -25.5666
-704.169 -25.5666
-704.169 -25.5666
-704.169 -25.5666
-704.169 -25.5666
-704.169 -25.5666
-704.169 -25.5666
-704.169 -25.5666
-1168.87 185.895
-1168.87 185.895
-1168.87 185.895
-1168.87 185.895
-1168.87 185.895
-1168.87 185.895
-938.333 82.063
-938.333 82.063
-938.333 82.063
-1197.44 99.5673
-1197.44 99.5673
-1210.56 101.454
-1210.56 101.454
-1210.56 101.454
-1210.56 101.454
-1281.57 94.3374
-1281.57 94.3374
-1281.57 94.3374
-1513.09 83.5442
-1513.09 83.5442
-1144.47 60.937
-1144.47 60.937
-995.896 50.0567
-995.896 50.0567
-916.138 39.9251
-916.138 39.9251
-1014.37 3.9598
-1014.37 3.9598
-1280.09 2.1125
-1280.09 2.1125
-1280.09 2.1125
-1015.45 1.5394
-1015.45 1.5394
-1015.45 1.5394
-1015.45 1.5394
-1015.45 1.5394
-1015.45 1.5394
-1015.45 1.5394
-1015.45 1.5394
-1004.7 1.0563
-1004.7 1.0563
-1004.7 1.0563
-874.804 -0.8138
-874.804 -0.8138
-872.956 67.8234
-872.956 67.8234
-872.956 67.8234
-850.475 64.1881
-679.664 37.1093
-679.664 37.1093
-679.664 37.1093
-638.732 28.5384
-638.732 28.5384
-547.212 12.2201
-547.212 12.2201
30.8881 -64.5609
30.8881 -64.5609
243.857 -101.449
243.857 -101.449
280.235 -115.285
280.235 -115.285
280.235 -115.285
304.528 -121.195
304.528 -121.195
403.963 -169.137
403.963 -169.137
403.963 -169.137
403.963 -169.137
403.963 -169.137
403.963 -169.137
403.963 -169.137
403.963 -169.137
403.963 -169.137
403.963 -169.137
403.963 -169.137
574.401 -188.795
574.401 -188.795
602.909 -185.636
602.909 -185.636
602.909 -185.636
626.841 -198.73
605.004 -176.048
605.004 -176.048
634.578 -188.77
634.578 -188.77
634.578 -188.77
828.737 -331.829
828.737 -331.829
269.737 -190.913
269.737 -190.913
282.703 -194.007
282.703 -194.007
282.703 -194.007
205.36 -169.712
205.36 -169.712
205.72 -177.167
341.032 -260.144
341.032 -260.144
341.032 -260.144
341.032 -260.144
172.307 -170.092
188.624 -178.967
188.624 -178.967
247.141 -205.143
247.141 -205.143
278.973 -218.298
278.973 -218.298
238.299 -189.826
238.299 -189.826
238.299 -189.826
-8.6962 -121.378
-3.0023 -117.066
-3.0023 -117.066
-3.0023 -117.066
-3.0023 -117.066
-0.9235 -113.823
0.0129 -111.129
0.0129 -111.129
0.0129 -111.129
30.3806 -105.987
30.3806 -105.987
69.0043 -102.931
69.0043 -102.931
69.0043 -102.931
154.223 -93.8789
203.86 -89.5234
203.86 -89.5234
203.86 -89.5234
234.501 -85.8292
234.501 -85.8292
408.637 -67.2128
408.637 -67.2128
400.819 -77.8094
400.819 -77.8094
400.033 -78.9836
400.033 -78.9836
427.799 -92.6086
427.799 -92.6086
427.799 -92.6086
420.727 -89.8413
432.769 -96.42
429.669 -95.1104
429.669 -95.1104
427.806 -94.1439
427.806 -94.1439
423.225 -91.6461
423.225 -91.6461
423.225 -91.6461
683.127 -58.6137
682.608 -63.465
682.608 -63.465
682.608 -63.465
682.608 -63.465
676.843 -63.8228
656.303 -49.6325
656.303 -49.6325
662.406 -53.3402
662.406 -53.3402
662.406 -53.3402
677.045 -52.8635
677.045 -52.8635
678.428 -53.2482
678.428 -53.2482
694.192 -61.3184
694.192 -61.3184
684.005 -54.9715
684.005 -54.9715
684.005 -54.9715
664.646 -45.2283
664.646 -45.2283
666.568 -46.069
666.568 -46.069
666.618 -45.8849
666.618 -45.8849
666.772 -45.6957
666.772 -45.6957
666.772 -45.6957
667.971 -45.9729
667.971 -45.9729
668.772 -46.135
668.772 -46.135
669.693 -46.4059
669.693 -46.4059
668.445 -45.6841
668.445 -45.6841
668.816 -45.719
668.816 -45.719
675.622 -48.6876
675.622 -48.6876
674.89 -48.2837
674.89 -48.2837
674.89 -48.2837
669.346 -45.7547
664.312 -43.4286
664.312 -43.4286
664.312 -43.4286
665.816 -43.8638
665.816 -43.8638
665.816 -43.8638
666.897 -44.1059
666.897 -44.1059
665.221 -43.1766
664.253 -42.5176
664.253 -42.5176
664.953 -42.5547
664.953 -42.5547
664.953 -42.5547
667.588 -43.2821
667.993 -43.0123
667.993 -43.0123
667.993 -43.0123
672.178 -44.0882
672.178 -44.0882
677.313 -45.7274
677.313 -45.7274
677.313 -45.7274
683.427 -47.772
683.341 -48.0635
683.341 -48.0635
683.341 -48.0635
683.47 -48.6052
683.47 -48.6052
700.617 -567.682
700.617 -567.682
703.666 -613.855
703.666 -613.855
703.666 -613.855
687.443 -619.931
689.844 -626.814
689.844 -626.814
689.844 -626.814
695.137 -634.987
695.137 -634.987
710.295 -634.467
710.295 -634.467
709.812 -643.333
709.812 -643.333
758.583 -662.511
758.583 -662.511
745.9 -653.756
745.9 -653.756
745.9 -653.756
712.955 -635.652
712.955 -635.652
722.52 -635.836
722.52 -635.836
614.612 -578.123
614.612 -578.123
652.81 -603.006
652.81 -603.006
669.389 -613.192
669.389 -613.192
669.389 -613.192
669.389 -613.192
682.028 -621.103
684.664 -623.243
689.907 -626.88
689.907 -626.88
695.529 -630.693
695.529 -630.693
695.529 -630.693
685.42 -625.206
685.42 -625.206
677.271 -620.987
677.271 -620.987
675.089 -620.159
675.089 -620.159
806.126 -701.886
806.126 -701.886
806.126 -701.886
699.993 -642.76
699.993 -642.76
697.009 -641.155
697.009 -641.155
701.317 -644.091
701.317 -644.091
699.985 -643.732
699.985 -643.732
698.417 -644.44
698.417 -644.44
698.417 -644.44
698.417 -644.44
698.417 -644.44
698.417 -644.44
698.417 -644.44
698.417 -644.44
698.417 -644.44
698.417 -644.44
698.417 -644.44
698.417 -644.44
698.417 -644.44
698.417 -644.44
698.417 -644.44
698.417 -644.44
698.417 -644.44
698.417 -644.44
698.417 -644.44
698.417 -644.44
698.417 -644.44
697.241 -644.056
697.241 -644.056
-815.282 118.515
-815.282 118.515
-807.488 114.613
-807.488 114.613
-807.488 114.613
-807.488 114.613
-807.488 114.613
-807.488 114.613
-807.488 114.613
-807.488 114.613
-807.488 114.613
-807.488 114.613
-807.488 114.613
-807.488 114.613
-807.488 114.613
-807.488 114.613
-807.488 114.613
-807.488 114.613
-807.488 114.613
-807.488 114.613
-807.488 114.613
-807.488 114.613
-807.488 114.613
-807.488 114.613
-807.488 114.613
-807.488 114.613
-807.488 114.613
-807.488 114.613
-807.488 114.613
-807.488 114.613
-807.488 114.613
-807.488 114.613
-807.488 114.613
-807.488 114.613
-807.488 114.613
-807.488 114.613
-807.488 114.613
-1080.76 65.2003
-1080.76 65.2003
640 400
640 400
640 400
640 400
640 400
640 400
640 400
640 400
640 400
640 400
640 400
640 400
640 400
640 400
-1242.27 52.3918
-1242.27 52.3918
-1242.27 52.3918
-1242.27 52.3918
-1242.27 52.3918
-1242.27 52.3918
-1242.27 52.3918
-1242.27 52.3918
-1277.76 32.8075
-1277.76 32.8075
-1277.76 32.8075
-822.259 122.662
-822.259 122.662
-826.07 127.034
-826.07 127.034
-1188.8 59.2606
-1188.8 59.2606
-1038.41 66.7209
-1038.41 66.7209
-954.176 66.2871
-954.176 66.2871
-954.176 66.2871
-954.176 66.2871
-954.176 66.2871
-639.286 17.6977
-639.286 17.6977
-639.286 17.6977
-591.109 -14.5597
-591.109 -14.5597
-591.109 -14.5597
-591.109 -14.5597
-591.109 -14.5597
-591.109 -14.5597
-591.109 -14.5597
-591.109 -14.5597
-591.109 -14.5597
-761.363 -22.4791
-761.363 -22.4791
-563.899 -89.6272
-563.899 -89.6272
-462.295 -121.745
-462.295 -121.745
-395.343 -207.331
-395.343 -207.331
-566.666 -238.477
-566.666 -238.477
-566.666 -238.477
-549.29 -225.824
-549.29 -225.824
-521.304 -227.238
-521.304 -227.238
-521.304 -227.238
-356.613 -246.648
-95.6715 -251.511
-95.6715 -251.511
-95.6715 -251.511
-80.1688 -256.159
29.1322 -277.365
29.1322 -277.365
29.1322 -277.365
-48.5069 -263.964
-48.5069 -263.964
-21.9064 -268.635
-21.9064 -268.635
9.6549 -272.97
9.6549 -272.97
9.6549 -272.97
-169.743 -242.185
22.8648 -279.862
22.8648 -279.862
22.8648 -279.862
22.8648 -279.862
25.1648 -280.483
40.295 -284.116
40.295 -284.116
40.295 -284.116
129.003 -303.186
129.003 -303.186
98.1383 -299.075
98.1383 -299.075
98.4049 -299.438
98.4049 -299.438
118.636 -303.601
118.636 -303.601
216.243 -305.615
216.243 -305.615
216.243 -305.615
514.475 -320.291
514.475 -320.291
521.552 -316.133
521.552 -316.133
521.552 -316.133
470.787 -307.249
490.891 -310.228
490.891 -310.228
508.804 -321.835
508.804 -321.835
522.106 -325.995
522.106 -325.995
559.958 -329.005
559.958 -329.005
585.933 -332.417
585.933 -332.417
591.247 -332.257
591.247 -332.257
591.247 -332.257
628.63 -341.607
628.63 -341.607
648.975 -346.002
648.975 -346.002
643.024 -343.897
643.024 -343.897
640.212 -342.773
640.212 -342.773
640.212 -342.773
635.05 -341.143
636.859 -341.518
636.859 -341.518
636.859 -341.518
636.859 -341.518
635.993 -341.121
635.993 -341.121
636.437 -341.008
638.335 -341.334
638.335 -341.334
749.481 -370.365
749.481 -370.365
749.481 -370.365
671.17 -339.928
671.17 -339.928
684.387 -345.871
669.413 -341.954
669.413 -341.954
669.413 -341.954
688.562 -357.649
700.05 -368.285
693.414 -370.719
693.414 -370.719
687.102 -372.728
687.102 -372.728
687.102 -372.728
682.975 -375.026
682.975 -375.026
672.315 -375.028
672.315 -375.028
670.752 -377.234
670.752 -377.234
670.752 -377.234
668.455 -378.69
668.455 -378.69
667.623 -380.201
667.623 -380.201
667.623 -380.201
667.775 -381.569
667.741 -382.552
667.741 -382.552
668.045 -383.352
668.045 -383.352
668.045 -383.352
668.937 -384.109
668.937 -384.109
669.561 -384.71
669.561 -384.71
669.561 -384.71
668.655 -384.932
669.206 -385.452
669.206 -385.452
669.206 -385.452
670.565 -386.05
670.565 -386.05
672.49 -386.806
672.49 -386.806
672.49 -386.806
674.102 -386.867
62.0477 -172.629
62.0477 -172.629
62.0477 -172.629
40.2603 -147.661
40.2603 -147.661
46.0855 -143.139
46.0855 -143.139
42.1602 -139.926
42.1602 -139.926
36.7435 -136.966
36.7435 -136.966
-198.846 -197.966
-198.846 -197.966
-198.846 -197.966
-198.846 -197.966
-197.415 -199.707
-198.618 -199.11
-198.618 -199.11
-198.618 -199.11
-199.62 -199.035
-187.608 -188.168
-187.608 -188.168
-230.608 -191.192
-230.608 -191.192
-230.608 -191.192
-232.201 -191.989
-232.201 -191.989
-232.704 -192.107
-232.704 -192.107
-232.704 -192.107
-232.704 -192.107
-232.704 -192.107
-233.772 -191.96
-233.772 -191.96
-217.002 -182.024
-217.002 -182.024
-223.173 -182.982
-223.173 -182.982
-228.025 -183.438
-228.025 -183.438
-232.554 -183.444
-232.554 -183.444
-232.554 -183.444
-232.554 -183.444
-226.622 -178.522
-401.755 -135.558
-401.755 -135.558
-404.18 -134.166
-404.18 -134.166
-404.18 -134.166
-397.783 -137.264
-397.783 -137.264
-395.42 -138.568
-395.42 -138.568
-395.42 -138.568
-389.387 -140.565
-389.387 -140.565
-359.29 -149.4
-359.29 -149.4
-359.29 -149.4
-347.335 -152.193
-342.588 -153.485
-342.588 -153.485
-342.588 -153.485
-342.588 -153.485
-338.356 -154.57
-334.079 -155.804
-330.005 -156.989
-330.005 -156.989
-325.974 -158.249
-325.974 -158.249
-325.974 -158.249
-177.174 -147.314
-177.174 -147.314
-177.174 -147.314
-177.174 -147.314
-228.119 -194.694
-228.119 -194.694
-227.891 -194.647
-227.891 -194.647
-227.708 -194.164
-313.067 -183.962
-313.067 -183.962
-556.082 -151.921
-556.082 -151.921
-551.22 -153.333
-551.22 -153.333
-482.37 -161.248
-482.37 -161.248
-389.819 -171.145
-389.819 -171.145
-425.674 -171.477
-425.674 -171.477
-425.674 -171.477
-524.278 -173.933
-524.278 -173.933
-342.661 -186.646
-342.661 -186.646
-342.661 -186.646
-342.661 -186.646
-342.661 -186.646
-424.387 -182.062
-403.668 -187.708
-157.172 -206.454
-157.172 -206.454
-540.063 -200.047
-402.349 -209.104
-402.349 -209.104
-402.349 -209.104
-378.504 -212.145
-378.504 -212.145
-378.504 -212.145
-350.992 -215.219
-338.382 -224.201
-338.382 -224.201
-329.718 -226.494
-362.191 -226.486
-362.191 -226.486
-362.191 -226.486
-250.148 -232.272
-268.184 -230.905
-268.184 -230.905
-310.847 -225.029
-310.847 -225.029
-185.806 -237.482
-185.806 -237.482
-173.266 -237.801
-173.266 -237.801
-159.226 -241.043
-159.226 -241.043
-293.858 -200.562
-293.858 -200.562
-528.679 -193.805
-528.679 -193.805
-528.679 -193.805
-419.696 -211.496
-419.696 -211.496
-252.526 -240.02
-252.526 -240.02
-113.329 -263.879
-113.329 -263.879
-124.561 -266.791
-124.561 -266.791
-124.561 -266.791
9.8901 -287.11
9.8901 -287.11
31.1931 -289.672
31.1931 -289.672
-60.4258 -274.59
-60.4258 -274.59
-14.4583 -280.792
-14.4583 -280.792
-14.4583 -280.792
1.5624 -282.633
1.5624 -282.633
-125.963 -260.917
-125.963 -260.917
50.6872 -285.567
50.6872 -285.567
50.6872 -285.567
-30.8545 -274.278
-30.8545 -274.278
-12.7303 -278.05
-12.7303 -278.05
16.1979 -283.171
16.1979 -283.171
245.967 -324.979
245.967 -324.979
93.0279 -303.012
93.0279 -303.012
93.0279 -303.012
116.34 -304.573
116.34 -304.573
109.599 -301.689
109.599 -301.689
119.883 -302.855
119.883 -302.855
119.883 -302.855
127.374 -303.608
127.374 -303.608
131.377 -303.795
131.377 -303.795
284.926 -334.391
284.926 -334.391
284.926 -334.391
291.102 -334.819
175.813 -308.303
175.813 -308.303
175.813 -308.303
246.285 -327.244
246.285 -327.244
282.08 -336.83
282.08 -336.83
395.921 -370.241
395.921 -370.241
250.805 -311.901
250.805 -311.901
250.805 -311.901
214.961 -306.693
214.961 -306.693
207.429 -302.37
207.429 -302.37
222.875 -297.27
222.875 -297.27
322.202 -324.845
322.202 -324.845
518.903 -367.05
518.903 -367.05
518.903 -367.05
605.792 -413.374
605.792 -413.374
617.232 -418.216
617.232 -418.216
638.85 -430.025
638.85 -430.025
791.45 -511.245
791.45 -511.245
602.3 -398.549
602.3 -398.549
671.393 -437.554
682.778 -448.371
682.778 -448.371
664.783 -444.279
664.783 -444.279
664.783 -444.279
661.956 -445.884
661.956 -445.884
377.138 -357.009
377.138 -357.009
530.98 -396.743
530.98 -396.743
522.042 -394.482
522.042 -394.482
477.879 -382.059
477.879 -382.059
479.973 -383.947
626.612 -436.653
626.612 -436.653
626.612 -436.653
523.726 -399.812
523.726 -399.812
523.726 -399.812
507.421 -393.679
507.421 -393.679
507.421 -393.679
507.421 -393.679
507.421 -393.679
507.421 -393.679
507.421 -393.679
521.111 -398.087
521.111 -398.087
521.111 -398.087
518.916 -396.585
518.916 -396.585
520.144 -396.065
520.144 -396.065
655.742 -438.004
655.742 -438.004
655.742 -438.004
430.116 -358.142
549.799 -399.847
549.799 -399.847
549.799 -399.847
591.797 -414.261
591.797 -414.261
587.1 -412.351
587.1 -412.351
450.912 -363.34
450.912 -363.34
570.579 -405.57
570.579 -405.57
633.237 -427.344
633.237 -427.344
620.668 -422.449
620.668 -422.449
620.668 -422.449
611.703 -418.582
611.703 -418.582
609.404 -417.047
609.404 -417.047
576.551 -402.304
576.551 -402.304
715.767 -453.286
715.767 -453.286
715.767 -453.286
666.666 -434.756
639.364 -423.918
639.364 -423.918
639.364 -423.918
633.629 -421.37
633.629 -421.37
629.08 -419.294
629.08 -419.294
626.326 -417.768
626.326 -417.768
625.382 -416.928
625.382 -416.928
625.313 -416.496
625.313 -416.496
625.313 -416.496
624.254 -415.771
624.254 -415.771
624.142 -415.427
624.142 -415.427
735.413 -448.387
735.413 -448.387
617.086 -410.577
617.086 -410.577
617.086 -410.577
620.422 -411.108
620.422 -411.108
626.191 -412.501
626.191 -412.501
621.596 -410.698
621.596 -410.698
625.031 -411.454
625.031 -411.454
625.031 -411.454
626.121 -411.549
626.121 -411.549
623.013 -410.459
623.013 -410.459
617.107 -408.456
617.107 -408.456
615.766 -407.931
615.766 -407.931
611.377 -406.501
611.377 -406.501
611.377 -406.501
611.377 -406.501
612.403 -406.586
612.337 -406.133
612.337 -406.133
611.903 -406.34
611.903 -406.34
500.641 -427.751
500.641 -427.751
639.047 -442.126
639.047 -442.126
639.047 -442.126
622.341 -441.025
622.341 -441.025
604.022 -439.766
604.022 -439.766
604.022 -439.766
604.022 -439.766
596.285 -439.286
596.285 -439.286
596.285 -439.286
619.765 -446.434
619.765 -446.434
619.442 -443.688
619.442 -443.688
595.852 -413.428
595.852 -413.428
714.596 -436.249
714.596 -436.249
714.596 -436.249
661.202 -416.959
661.202 -416.959
633.554 -405.527
633.554 -405.527
633.554 -405.527
633.554 -405.527
633.554 -405.527
633.554 -405.527
633.554 -405.527
633.554 -405.527
653.204 -406.917
653.204 -406.917
483.52 -327.582
483.52 -327.582
705.793 -378.219
705.793 -378.219
645.248 -364.428
645.248 -364.428
627.932 -362.859
627.932 -362.859
621.349 -363.868
621.349 -363.868
621.349 -363.868
620.692 -365.642
620.692 -365.642
613.656 -365.181
613.656 -365.181
610.92 -365.616
610.92 -365.616
546.999 -357.785
546.999 -357.785
565.461 -362.185
565.461 -362.185
516.764 -351.603
516.764 -351.603
534.057 -356.105
534.057 -356.105
569.637 -365.548
569.637 -365.548
569.637 -365.548
569.637 -365.548
577.189 -369.716
544.351 -362.619
544.351 -362.619
538.093 -361.127
538.093 -361.127
537.555 -360.901
537.555 -360.901
542.915 -362.223
542.915 -362.223
459.558 -341.66
459.558 -341.66
547.269 -362.602
547.269 -362.602
549.507 -363.073
549.507 -363.073
549.507 -363.073
549.507 -363.073
549.507 -363.073
549.507 -363.073
549.507 -363.073
546.52 -362.528
546.52 -362.528
549.183 -363.323
549.183 -363.323
549.183 -363.323
570.045 -367.923
580.765 -370.255
580.765 -370.255
580.765 -370.255
580.765 -370.255
590.445 -372.531
585.303 -371.45
585.303 -371.45
585.303 -371.45
582.595 -370.831
576.297 -369.405
576.297 -369.405
576.297 -369.405
576.297 -369.405
576.297 -369.405
576.297 -369.405
576.297 -369.405
576.297 -369.405
576.297 -369.405
572.066 -368.326
572.066 -368.326
577.106 -369.565
577.106 -369.565
577.106 -369.565
581.204 -370.62
581.204 -370.62
577.403 -369.687
577.403 -369.687
422.929 -330.417
422.929 -330.417
422.929 -330.417
419.027 -329.369
419.027 -329.369
455.966 -338.235
455.966 -338.235
455.966 -338.235
441.03 -334.786
465.679 -339.977
465.679 -339.977
452.825 -337.024
452.825 -337.024
460.574 -338.343
460.574 -338.343
465.09 -339.037
465.09 -339.037
455.363 -336.823
455.363 -336.823
447.038 -334.75
447.038 -334.75
447.038 -334.75
448.249 -333.574
448.249 -333.574
452.367 -329.069
452.367 -329.069
455.254 -329.212
455.254 -329.212
459.932 -330.365
459.932 -330.365
461.218 -332.059
461.218 -332.059
454.489 -333.001
454.489 -333.001
454.489 -333.001
455.657 -334.458
455.657 -334.458
455.959 -336.018
455.959 -336.018
565.688 -264.167
565.688 -264.167
565.688 -264.167
533.818 275.629
533.818 275.629
527.243 349.834
527.243 349.834
544.674 375.828
544.674 375.828
547.515 389.692
547.515 389.692
547.515 389.692
595.038 422.767
548.071 425.896
548.071 425.896
548.071 425.896
566.048 485.216
566.048 485.216
607.244 537.154
607.244 537.154
624.933 564.213
624.933 564.213
624.933 564.213
748.497 678.017
748.497 678.017
675.616 683.605
675.616 683.605
675.616 683.605
667.548 687.279
679.427 684.347
679.427 684.347
682.66 685.227
682.66 685.227
689.092 686.055
689.092 686.055
689.092 686.055
690.81 687.202
690.81 687.202
690.81 687.202
690.81 687.202
690.81 687.202
690.81 687.202
690.81 687.202
690.81 687.202
690.81 687.202
692.034 688.062
692.034 688.062
694.239 688.722
694.239 688.722
696.343 689.227
696.343 689.227
698.52 689.638
698.52 689.638
698.52 689.638
700.42 689.981
700.42 689.981
702.274 690.335
702.274 690.335
702.628 690.792
702.628 690.792
702.628 690.792
701.992 691.308
701.992 691.308
701.162 691.832
701.162 691.832
696.526 692.606
696.526 692.606
696.526 692.606
695.977 692.969
696.12 693.237
696.12 693.237
696.12 693.237
695.617 693.56
695.617 693.56
698.817 693.503
698.817 693.503
694.487 693.873
694.487 693.873
697.766 693.649
697.766 693.649
697.766 693.649
697.766 693.649
697.766 693.649
697.766 693.649
697.766 693.649
697.766 693.649
697.766 693.649
693.775 694.018
693.775 694.018
693.775 694.018
693.775 694.018
693.775 694.018
693.775 694.018
693.775 694.018
693.775 694.018
693.775 694.018
693.775 694.018
697.784 693.69
697.784 693.69
700.964 693.558
700.313 693.335
700.313 693.335
700.313 693.335
699.57 693.01
699.57 693.01
697.976 692.594
697.976 692.594
697.976 692.594
696.018 692.133
693.901 691.604
693.901 691.604
692.31 691.013
692.31 691.013
689.874 690.437
689.874 690.437
689.874 690.437
688.641 689.785
688.641 689.785
688.641 689.785
687.826 689.062
686.743 688.299
686.743 688.299
686.743 688.299
686.259 687.473
686.259 687.473
686.789 686.548
686.789 686.548
688.039 685.568
688.039 685.568
688.521 684.689
688.521 684.689
688.241 683.9
688.241 683.9
688.886 683.046
688.886 683.046
688.505 682.375
688.505 682.375
688.505 682.375
690.626 681.611
690.626 681.611
690.392 681.088
690.392 681.088
690.392 681.088
691.552 680.597
691.552 680.597
690.127 680.343
690.127 680.343
690.127 680.343
688.521 680.148
688.37 679.921
688.37 679.921
688.37 679.921
689.396 679.566
689.396 679.566
686.645 679.828
686.645 679.828
683.997 680.125
683.997 680.125
683.997 680.125
681.375 680.453
685.081 679.545
685.081 679.545
685.081 679.545
685.938 679.171
685.938 679.171
683.236 679.443
683.236 679.443
683.236 679.443
682.636 679.252
680.082 679.532
680.082 679.532
681.559 678.856
681.559 678.856
681.559 678.856
680.802 678.689
680.802 678.689
681.258 678.22
681.258 678.22
682.005 677.63
682.005 677.63
683.049 676.997
683.049 676.997
683.049 676.997
936.463 691.984
936.463 691.984
936.463 691.984
936.463 691.984
936.463 691.984
936.463 691.984
936.463 691.984
936.463 691.984
908.289 683.305
908.289 683.305
912.579 683.274
912.579 683.274
916.888 683.204
916.888 683.204
916.888 683.204
920.772 683.538
920.772 683.538
942.185 695.225
942.185 695.225
942.185 695.225
938.144 694.439
938.144 694.439
931.521 695.241
931.521 695.241
940.189 692.982
940.189 692.982
953.424 689.672
953.424 689.672
953.424 689.672
961.133 687.632
961.133 687.632
953.729 688.319
949.674 688.414
949.674 688.414
949.674 688.414
946.231 688.466
946.231 688.466
941.053 688.899
941.053 688.899
937.718 689.099
937.718 689.099
935.978 688.996
935.978 688.996
935.978 688.996
934.521 688.89
934.521 688.89
934.349 688.556
934.349 688.556
933.96 688.288
933.96 688.288
933.621 688.062
933.621 688.062
932.748 687.967
932.748 687.967
932.748 687.967
932.625 687.773
932.625 687.773
932.073 687.687
932.073 687.687
932.073 687.687
931.53 687.627
932.768 687.3
932.768 687.3
932.768 687.3
932.385 687.268
932.385 687.268
931.657 687.32
931.657 687.32
931.271 687.189
931.271 687.189
931.313 687.045
931.313 687.045
931.313 687.045
927.523 687.638
927.523 687.638
927.186 687.708
927.186 687.708
925.661 688.02
925.661 688.02
926.472 687.951
926.472 687.951
927.359 687.91
927.359 687.91
927.359 687.91
930.411 687.493
930.411 687.493
933.799 687.032
933.799 687.032
934.822 686.922
934.822 686.922
932.373 687.334
932.373 687.334
932.373 687.334
933.095 687.248
933.095 687.248
930.457 687.658
930.457 687.658
929.799 687.791
929.799 687.791
929.621 687.834
929.621 687.834
929.621 687.834
927.321 688.162
927.321 688.162
924.827 688.483
924.827 688.483
925.25 688.381
925.25 688.381
922.971 688.633
922.971 688.633
920.245 688.953
920.245 688.953
920.098 688.834
920.098 688.834
920.098 688.834
921.021 688.535
921.021 688.535
918.966 688.711
918.966 688.711
918.744 688.527
918.744 688.527
920.108 688.034
920.108 688.034
920.108 688.034
919.912 687.786
919.912 687.786
920.292 687.445
920.292 687.445
920.292 687.445
920.873 687.101
921.232 686.803
921.232 686.803
921.145 686.595
921.145 686.595
921.145 686.595
921.389 686.324
921.389 686.324
921.389 686.324
921.389 686.324
921.389 686.324
921.389 686.324
921.389 686.324
921.389 686.324
921.389 686.324
923.651 685.552
923.651 685.552
925.453 685.071
925.453 685.071
925.453 685.071
925.793 684.89
926.876 684.661
926.876 684.661
926.876 684.661
927.595 684.424
927.595 684.424
927.523 684.403
927.523 684.403
928.202 684.263
928.202 684.263
929.221 683.981
929.221 683.981
929.221 683.981
929.746 683.645
932.45 682.704
932.45 682.704
932.45 682.704
932.829 682.551
932.829 682.551
933.088 682.318
933.088 682.318
932.576 682.3
932.576 682.3
935.159 681.349
935.159 681.349
935.159 681.349
936.009 680.94
936.009 680.94
935.868 680.853
935.868 680.853
935.369 680.952
935.369 680.952
937.189 680.192
937.189 680.192
934.76 680.954
934.76 680.954
934.76 680.954
934.277 681.033
934.277 681.033
934.077 681.028
934.077 681.028
933.679 681.099
933.679 681.099
932.196 681.54
932.196 681.54
932.196 681.54
931.77 681.652
931.77 681.652
931.54 681.705
931.54 681.705
931.222 681.79
931.222 681.79
931.307 681.776
931.307 681.776
931.307 681.776
931.51 681.727
931.51 681.727
931.246 681.827
931.246 681.827
930.405 682.099
930.405 682.099
930.821 682.07
930.821 682.07
930.821 682.07
930.085 682.388
930.085 682.388
932.151 681.953
932.151 681.953
931.193 682.294
931.193 682.294
931.078 682.412
931.078 682.412
930.356 682.721
930.356 682.721
929.296 683.055
929.296 683.055
929.296 683.055
928.613 683.254
928.613 683.254
928.822 683.178
928.822 683.178
928.032 683.397
928.032 683.397
930.392 682.596
930.392 682.596
932.023 682.052
932.023 682.052
932.023 682.052
931.355 682.173
931.355 682.173
932.818 681.672
932.818 681.672
933.113 681.502
933.113 681.502
933.113 681.502
933.013 681.468
933.013 681.468
932.211 681.67
932.211 681.67
932.211 681.67
932.228 681.607
931.209 681.876
931.209 681.876
930.501 682.05
930.501 682.05
929.941 682.182
929.941 682.182
929.941 682.182
929.477 682.284
929.477 682.284
929.477 682.284
928.784 682.431
929.001 682.258
929.001 682.258
929.001 682.258
928.553 682.245
928.553 682.245
926.93 682.817
926.93 682.817
926.93 682.817
928.33 682.099
927.976 682.14
927.976 682.14
926.415 682.721
926.415 682.721
926.415 682.721
926.588 682.544
926.588 682.544
926.349 682.516
926.349 682.516
926.029 682.548
926.029 682.548
926.029 682.548
925.202 682.741
925.202 682.741
924.592 682.817
924.54 682.74
924.54 682.74
924.54 682.74
926.076 681.986
926.076 681.986
926.276 681.758
926.276 681.758
926.031 681.681
926.031 681.681
925.786 681.598
925.786 681.598
926.07 681.294
926.07 681.294
926.07 681.294
926.24 681.008
926.24 681.008
926.765 680.581
926.765 680.581
926.765 680.581
924.845 680.922
924.849 680.621
924.849 680.621
924.849 680.621
927.158 679.496
927.158 679.496
927.061 679.237
927.061 679.237
927.061 679.237
926.803 679.074
926.803 679.074
927.952 678.406
928.025 678.211
928.025 678.211
928.025 678.211
928.463 677.827
928.463 677.827
928.866 677.431
928.866 677.431
928.866 677.431
928.789 677.211
928.789 677.211
926.493 677.822
926.493 677.822
926.493 677.822
928.639 676.628
928.478 676.25
928.478 676.25
925.958 676.816
925.958 676.816
925.959 676.305
924.634 676.325
924.634 676.325
924.634 676.325
924.333 675.924
924.333 675.924
924.238 675.464
924.238 675.464
924.238 675.464
924.643 674.785
924.643 674.785
923.346 674.904
923.346 674.904
923.462 674.445
923.462 674.445
922.947 674.258
922.947 674.258
923.508 673.721
923.508 673.721
923.508 673.721
922.506 673.794
