0 0
640 400
640 400
640 400
640 400
640 400
640 400
640 400
640 400
790.182 324.724
790.182 324.724
790.182 324.724
791.669 325.767
792.097 326.898
792.097 326.898
792.097 326.898
790.182 322.362
790.182 322.362
790.182 322.362
793.96 330.283
761.873 327.953
761.873 327.953
761.873 327.953
738.739 327.518
723.767 328.359
723.767 328.359
704.823 327.932
282.323 94.4497
276.159 89.2332
276.159 89.2332
348.263 130.913
348.263 130.913
358.871 134.885
358.871 134.885
358.871 134.885
429.799 173.376
647.003 275.167
647.003 275.167
647.003 275.167
650.943 272.191
650.943 272.191
447.213 148.357
447.213 148.357
459.105 156.93
459.105 156.93
459.105 156.93
475.883 168.474
564.903 227.021
564.903 227.021
564.903 227.021
672.321 288.723
672.321 288.723
665.058 269.841
665.058 269.841
646.934 239.332
626.354 204.177
626.354 204.177
554.623 141.148
554.623 141.148
677.57 292.88
677.57 292.88
675.319 296.948
675.319 296.948
675.319 296.948
675.319 296.948
675.319 296.948
675.319 296.948
675.319 296.948
675.319 296.948
675.319 296.948
675.319 296.948
674.717 297.454
676.15 300.619
676.15 300.619
684.459 302.615
686.65 305.278
686.65 305.278
700.632 308.022
717.183 310.579
717.183 310.579
717.183 310.579
728.18 310.524
734.346 310.291
734.346 310.291
734.346 310.291
739.209 310.558
739.209 310.558
743.208 311.031
743.208 311.031
746.541 311.597
746.541 311.597
749.058 312.124
749.058 312.124
751.248 312.557
751.248 312.557
751.248 312.557
754.824 313.448
754.824 313.448
756.128 313.81
756.128 313.81
756.128 313.81
758.186 314.478
758.186 314.478
758.186 314.478
760.339 315.085
760.339 315.085
761.585 315.071
761.585 315.071
762.815 315.003
762.815 315.003
763.949 314.908
763.949 314.908
765.013 314.762
765.013 314.762
766.346 314.351
766.346 314.351
766.346 314.351
766.346 314.351
766.71 313.665
768.775 313.159
768.775 313.159
770.64 312.464
770.64 312.464
771.582 311.582
771.582 311.582
771.828 310.55
771.828 310.55
771.895 309.61
771.895 309.61
772.08 307.948
772.08 307.948
772.08 307.948
1043.33 -199.874
1043.87 -208.854
1043.87 -208.854
1043.87 -208.854
1043.51 -201.539
1043.51 -201.539
1042.43 -199.26
1044.46 -171.298
1044.46 -171.298
1046.8 -173.051
1046.8 -173.051
1046.8 -173.051
1055.32 -181.133
640 400
640 400
640 400
1044.92 -250.622
1057.57 -292.535
1057.57 -292.535
1057.57 -292.535
932.196 -942.371
1007.55 -1056.99
1007.55 -1056.99
1007.55 -1056.99
998.256 -1043.99
998.256 -1043.99
998.256 -1043.99
1017.07 -1073.08
1017.07 -1073.08
1005.53 -1056.4
907.309 -915.283
907.309 -915.283
784.181 -823.028
784.181 -823.028
784.181 -823.028
717.583 -789.9
710.075 -786.396
710.075 -786.396
710.075 -786.396
710.914 -786.922
710.914 -786.922
710.914 -786.922
710.914 -786.922
710.914 -786.922
710.914 -786.922
710.914 -786.922
568.602 -715.161
568.602 -715.161
568.602 -715.161
568.602 -715.161
568.602 -715.161
770.396 -810.106
770.396 -810.106
770.396 -810.106
770.396 -810.106
770.396 -810.106
704.852 -779.363
704.852 -779.363
630.3 -743.284
630.3 -743.284
609.149 -731.652
609.149 -731.652
609.149 -731.652
443.456 -651.844
443.456 -651.844
633.612 -716.904
560.279 -692.358
560.279 -692.358
560.279 -692.358
533.991 -683.061
558.429 -691.489
558.429 -691.489
558.429 -691.489
558.429 -691.489
551.752 -689.238
551.752 -689.238
551.752 -689.238
551.752 -689.238
551.752 -689.238
551.752 -689.238
551.752 -689.238
551.752 -689.238
549.818 -688.675
549.818 -688.675
544.408 -687.094
544.408 -687.094
869.069 -730.422
869.069 -730.422
829.902 -725.825
829.902 -725.825
790.003 -724.482
790.003 -724.482
790.003 -724.482
790.003 -724.482
751.923 -717.403
697.667 -710.455
697.667 -710.455
538.438 -685.414
538.438 -685.414
538.438 -685.414
538.438 -685.414
538.438 -685.414
538.438 -685.414
538.438 -685.414
538.438 -685.414
538.438 -685.414
536.156 -682.295
536.156 -682.295
536.156 -682.295
461.902 -646.177
434.792 -613.009
434.792 -613.009
434.792 -613.009
434.792 -613.009
499.161 -618.457
581.255 -678.231
581.255 -678.231
497.366 -670.806
497.366 -670.806
584.713 -709.77
584.713 -709.77
584.713 -709.77
590.576 -711.476
625.817 -726.313
513.578 -646.042
513.578 -646.042
513.578 -646.042
513.578 -646.042
513.578 -646.042
626.096 -593.235
626.096 -593.235
626.096 -593.235
626.096 -593.235
626.096 -593.235
648.332 -638.872
648.332 -638.872
676.639 -642.604
676.639 -642.604
728.439 -652.06
728.439 -652.06
817.182 -619.831
817.182 -619.831
817.182 -619.831
732.245 -541.673
732.245 -541.673
786.883 -571.737
786.883 -571.737
796.885 -577.012
796.885 -577.012
812.595 -584.655
812.595 -584.655
924.585 -647.791
885.619 -632.385
885.619 -632.385
885.619 -632.385
898.231 -640.838
910.745 -648.164
910.745 -648.164
910.745 -648.164
914.447 -651.919
914.063 -652.394
910.585 -651.637
910.585 -651.637
910.585 -651.637
908.646 -651.114
908.646 -651.114
907.585 -651.128
907.585 -651.128
907.77 -651.946
907.734 -652.618
907.734 -652.618
907.734 -652.618
907.702 -653.219
907.702 -653.219
907.647 -653.735
907.647 -653.735
908.254 -654.76
908.254 -654.76
908.254 -654.76
908.254 -654.76
907.5 -654.71
907.5 -654.71
907.5 -654.71
907.5 -654.71
907.5 -654.71
904.13 -655.511
904.13 -655.511
736.628 -637.197
736.628 -637.197
677.84 -608.972
677.84 -608.972
678.469 -615.21
678.469 -615.21
666.81 -616.43
666.81 -616.43
672.831 -616.917
672.831 -616.917
818.549 -683.056
861.169 -700.718
870.197 -710.51
870.197 -710.51
895.326 -718.888
895.326 -718.888
895.326 -718.888
932.66 -738.536
932.66 -738.536
936.676 -759.979
936.676 -759.979
936.676 -759.979
924.214 -746.808
914.376 -738.214
906.969 -732.624
906.969 -732.624
926.5 -745.043
926.5 -745.043
923.652 -744.143
923.652 -744.143
923.652 -744.143
923.652 -744.143
923.652 -744.143
923.652 -744.143
923.652 -744.143
923.652 -744.143
923.652 -744.143
923.652 -744.143
923.652 -744.143
920.005 -742.404
917.3 -741.336
917.3 -741.336
917.3 -741.336
917.3 -741.336
917.3 -741.336
917.3 -741.336
917.3 -741.336
917.3 -741.336
763.509 -646.24
823.466 -667.664
823.466 -667.664
823.466 -667.664
744.96 -624.486
738.946 -621.218
738.946 -621.218
721.085 -610.995
721.085 -610.995
570.084 -528.68
570.084 -528.68
810.907 -683.522
810.907 -683.522
810.907 -683.522
736.738 -627.446
730.48 -618.879
730.48 -618.879
731.44 -617.538
689.716 -585.084
689.716 -585.084
1022.27 -765.234
953.693 -727.449
953.693 -727.449
953.693 -727.449
935.437 -716.449
935.437 -716.449
931.932 -714.786
931.932 -714.786
915.014 -705.671
915.014 -705.671
915.014 -705.671
930.857 -715.502
930.857 -715.502
935.967 -718.372
935.967 -718.372
936.563 -719.019
936.563 -719.019
892.978 -697.63
892.978 -697.63
767.277 -636.625
819.44 -669.875
819.44 -669.875
796.98 -654.282
796.98 -654.282
796.98 -654.282
786.198 -647.532
786.198 -647.532
779.915 -640.006
779.915 -640.006
779.915 -640.006
640 400
640 400
640 400
640 400
640 400
640 400
640 400
640 400
798.479 -649.171
798.479 -649.171
788.261 -640.217
788.261 -640.217
727.827 -590.017
727.827 -590.017
727.827 -590.017
727.827 -590.017
727.827 -590.017
727.827 -590.017
727.827 -590.017
707.519 -579.777
707.519 -579.777
707.519 -579.777
699.477 -572.721
778.539 -617.911
778.539 -617.911
778.539 -617.911
818.178 -639.681
952.902 -721.508
952.902 -721.508
934.105 -711.15
934.105 -711.15
932.203 -709.45
932.203 -709.45
838.754 -663.775
838.754 -663.775
790.536 -639.722
790.536 -639.722
663.264 -575.298
663.264 -575.298
660.289 -573.299
660.289 -573.299
655.055 -569.75
655.055 -569.75
655.055 -569.75
625.502 -575.391
625.502 -575.391
625.502 -575.391
666.481 -550.478
666.481 -550.478
666.481 -550.478
748.278 -588.973
748.278 -588.973
762.407 -623.014
762.407 -623.014
754.166 -628.759
754.166 -628.759
754.166 -628.759
754.166 -628.759
750.749 -656.669
750.749 -656.669
743.964 -683.059
727.97 -677.222
727.97 -677.222
727.97 -677.222
791.244 -718.415
791.244 -718.415
784.443 -715.991
784.443 -715.991
770.177 -708.545
770.177 -708.545
770.177 -708.545
743.976 -699.749
743.976 -699.749
773.503 -720.685
773.503 -720.685
764.156 -716.086
764.156 -716.086
767.735 -719.365
767.735 -719.365
787.359 -732.604
787.359 -732.604
787.359 -732.604
787.359 -732.604
787.359 -732.604
787.359 -732.604
787.359 -732.604
787.359 -732.604
798.998 -740.547
798.998 -740.547
788.796 -734.64
788.796 -734.64
780.818 -730.196
780.818 -730.196
774.676 -726.872
774.676 -726.872
771.478 -725.376
762.623 -720.231
762.623 -720.231
762.623 -720.231
762.25 -720.324
762.25 -720.324
762.25 -720.324
715.213 -693.195
697.114 -681.525
716.159 -692.878
716.159 -692.878
716.159 -692.878
706.424 -686.662
706.424 -686.662
714.59 -691.83
714.59 -691.83
721.559 -696.172
725.465 -698.423
725.465 -698.423
725.465 -698.423
725.465 -698.423
728.764 -700.206
729.29 -700.125
729.29 -700.125
730.83 -700.775
733.259 -701.995
733.259 -701.995
733.95 -701.996
733.95 -701.996
733.95 -701.996
734.313 -701.74
734.313 -701.74
734.313 -701.74
734.313 -701.74
734.313 -701.74
734.313 -701.74
734.313 -701.74
734.313 -701.74
734.313 -701.74
734.313 -701.74
620.99 -621.727
620.99 -621.727
620.395 -619.756
620.395 -619.756
620.395 -619.756
667.394 -642.732
667.394 -642.732
655.107 -636.314
655.107 -636.314
655.107 -636.314
666.664 -644.306
655.992 -638.43
655.992 -638.43
655.992 -638.43
665.063 -644.812
665.063 -644.812
669.755 -648.328
669.755 -648.328
669.755 -648.328
673.404 -651.099
678.484 -654.708
678.484 -654.708
680.434 -656.337
680.434 -656.337
684.718 -659.4
684.718 -659.4
684.718 -659.4
686.994 -661.32
686.994 -661.32
687.977 -662.456
689.493 -663.939
689.493 -663.939
689.493 -663.939
692.222 -666.154
692.222 -666.154
693.516 -667.432
694.605 -668.539
694.605 -668.539
696.622 -670.188
696.622 -670.188
820.653 -752.372
820.653 -752.372
704.83 -680.625
704.83 -680.625
706.689 -681.61
706.689 -681.61
713.006 -685.232
713.006 -685.232
713.006 -685.232
722.23 -690.744
722.23 -690.744
721.49 -689.778
719.618 -688.053
719.618 -688.053
720.171 -687.892
720.171 -687.892
719.461 -687.018
719.461 -687.018
719.461 -687.018
614.168 -616.247
614.168 -616.247
640 400
640 400
714.698 -673.065
714.698 -673.065
715.012 -691.341
715.012 -691.341
714.426 -693.418
714.426 -693.418
714.559 -693.621
714.559 -693.621
818.929 -761.548
818.929 -761.548
818.929 -761.548
740.985 -707.14
740.985 -707.14
741.346 -707.567
741.346 -707.567
741.346 -707.567
729.983 -700.802
716.115 -692.014
736.156 -705.492
736.156 -705.492
736.156 -705.492
608.362 -621.121
608.362 -621.121
688.095 -674.617
688.095 -674.617
749.179 -715.552
749.179 -715.552
772.002 -729.433
772.002 -729.433
755.279 -719.582
755.279 -719.582
755.279 -719.582
857.217 -720.755
857.217 -720.755
855.415 -715.464
855.415 -715.464
847.092 -708.904
847.092 -708.904
854.072 -713.688
854.072 -713.688
854.072 -713.688
858.565 -716.256
867.662 -716.831
867.662 -716.831
867.662 -716.831
878.542 -724.945
866.182 -710.838
866.182 -710.838
866.182 -710.838
762.629 -675.475
762.629 -675.475
709.779 -657.925
709.779 -657.925
566.203 -608.811
566.203 -608.811
562.92 -608.79
562.92 -608.79
555.6 -606.291
555.6 -606.291
551.066 -606.105
551.066 -606.105
548.111 -604.394
548.111 -604.394
548.111 -604.394
569.561 -610.285
569.561 -610.285
707.713 -650.638
707.713 -650.638
707.713 -650.638
844.861 -675.44
844.181 -679.807
844.181 -679.807
843.586 -680.61
843.586 -680.61
843.586 -680.61
844.472 -680.307
844.472 -680.307
844.472 -680.307
844.472 -680.307
844.472 -680.307
844.472 -680.307
844.472 -680.307
844.472 -680.307
844.472 -680.307
857.538 -687.496
857.538 -687.496
743.861 -612.005
743.861 -612.005
743.861 -612.005
780.387 -636.68
767.705 -628.575
767.705 -628.575
761.337 -624.864
761.337 -624.864
761.337 -624.864
757.451 -622.631
757.451 -622.631
772.474 -632.759
772.474 -632.759
949.112 -752.056
949.112 -752.056
871.934 -702.901
871.934 -702.901
871.934 -702.901
863.546 -697.789
863.546 -697.789
874.223 -704.959
874.223 -704.959
863.171 -697.891
863.171 -697.891
859.097 -696.26
859.097 -696.26
859.097 -696.26
664.604 -667.466
667.776 -671.58
667.776 -671.58
723.093 -699.627
723.093 -699.627
698.919 -684.277
698.919 -684.277
698.919 -684.277
691.472 -678.445
691.472 -678.445
673.847 -642.757
673.847 -642.757
675.534 -649.511
675.534 -649.511
674.559 -649.206
674.559 -649.206
713.799 -669.364
713.799 -669.364
714.263 -670.544
730.886 -678.55
730.886 -678.55
730.886 -678.55
724.822 -676.033
724.822 -676.033
722.687 -675.094
722.687 -675.094
722.687 -675.094
721.708 -674.512
721.708 -674.512
717.586 -672.323
717.586 -672.323
726.385 -676.138
726.385 -676.138
718.777 -672.216
718.777 -672.216
715.271 -670.348
715.271 -670.348
582.399 -603.193
706.057 -665.964
706.057 -665.964
804.511 -684.96
804.511 -684.96
837.343 -692.573
837.343 -692.573
856.853 -698.633
856.853 -698.633
805.187 -641.16
805.187 -641.16
903.297 -710.922
903.297 -710.922
902.496 -715.152
904.624 -715.238
904.624 -715.238
917.731 -725.651
917.731 -725.651
936.239 -740.613
936.239 -740.613
936.239 -740.613
938.494 -741.779
938.494 -741.779
938.494 -741.779
938.494 -741.779
938.494 -741.779
938.494 -741.779
938.494 -741.779
938.494 -741.779
938.494 -741.779
823.687 -640.031
823.687 -640.031
827.835 -641.264
827.835 -641.264
827.835 -641.264
876.436 -682.668
876.436 -682.668
876.436 -682.668
885.502 -690.601
885.502 -690.601
900.277 -701.767
900.277 -701.767
722.316 -713.819
723.321 -717.248
723.321 -717.248
721.637 -715.159
721.637 -715.159
711.979 -707.489
711.979 -707.489
711.979 -707.489
711.979 -707.489
714.825 -710.421
735.922 -725.344
735.922 -725.344
735.922 -725.344
736.013 -724.234
729.755 -720.276
729.755 -720.276
729.755 -720.276
736.251 -724.589
732.631 -721.717
732.631 -721.717
730.307 -720.014
730.307 -720.014
730.307 -720.014
729.757 -719.888
955.686 -755.757
955.686 -755.757
955.386 -756.42
955.386 -756.42
962.502 -762.803
962.502 -762.803
991.471 -789.304
982.438 -780.637
982.438 -780.637
982.438 -780.637
903.037 -742.915
791.122 -715.976
791.122 -715.976
770.842 -709.58
770.842 -709.58
770.842 -709.58
758.201 -706.34
738.961 -702.347
738.961 -702.347
678.005 -684.971
678.005 -684.971
678.73 -690.095
678.73 -690.095
678.73 -690.095
666.74 -684.574
666.74 -684.574
671.732 -687.721
697.516 -704.075
691.632 -700.302
691.632 -700.302
654.856 -674.991
658.738 -673.148
658.738 -673.148
662.095 -677.792
662.095 -677.792
747.776 -694.331
790.745 -701.461
790.745 -701.461
790.745 -701.461
916.716 -725.811
916.716 -725.811
935.378 -740.823
935.378 -740.823
925.099 -732.344
925.099 -732.344
919.58 -731.7
919.58 -731.7
915.547 -730.684
915.547 -730.684
915.547 -730.684
915.547 -730.684
915.547 -730.684
902.54 -718.394
902.54 -718.394
900.789 -717.376
900.789 -717.376
903.406 -719.985
903.406 -719.985
910.121 -725.445
910.121 -725.445
910.121 -725.445
910.121 -725.445
910.121 -725.445
910.121 -725.445
910.121 -725.445
910.121 -725.445
907.819 -723.245
907.819 -723.245
804.951 -634.317
804.951 -634.317
989.876 -799.923
990.794 -801.289
990.794 -801.289
972.121 -785.907
972.121 -785.907
972.121 -785.907
956.321 -773.502
964.401 -782.435
964.401 -782.435
955.797 -776.254
949.205 -771.754
949.205 -771.754
955.74 -779.08
955.74 -779.08
949.621 -775.008
949.621 -775.008
945.428 -772.659
945.428 -772.659
943.667 -772.388
943.667 -772.388
939.7 -770.125
939.7 -770.125
937.847 -769.721
934.706 -768.252
934.706 -768.252
934.706 -768.252
933.262 -768.336
932.406 -769.057
932.406 -769.057
930.656 -769.064
930.656 -769.064
930.656 -769.064
930.656 -769.064
929.096 -769.293
929.096 -769.293
929.096 -769.293
929.096 -769.293
929.096 -769.293
929.096 -769.293
929.096 -769.293
928.703 -770.636
928.703 -770.636
928.703 -770.636
929.062 -772.628
929.062 -772.628
927.662 -773.05
927.662 -773.05
927.913 -774.893
927.913 -774.893
927.338 -776.552
927.338 -776.552
924.861 -776.48
923.554 -777.287
923.554 -777.287
923.554 -777.287
1011.83 -868.823
1011.83 -868.823
907.249 -778.681
907.249 -778.681
907.928 -778.961
907.928 -778.961
943.115 -809.506
943.115 -809.506
943.115 -809.506
939.749 -806.439
942.483 -808.23
942.483 -808.23
942.483 -808.23
929.424 -796.761
929.424 -796.761
911.997 -781.257
911.997 -781.257
916.667 -785.322
916.667 -785.322
916.667 -785.322
916.667 -785.322
935.019 -801.177
935.019 -801.177
920.208 -787.001
922.635 -788.612
922.635 -788.612
922.635 -788.612
916.033 -781.811
916.033 -781.811
916.221 -781.677
916.221 -781.677
929.95 -792.823
929.95 -792.823
898.919 -763.111
898.919 -763.111
959.51 -818.957
959.51 -818.957
980.091 -837.697
980.091 -837.697
980.091 -837.697
962.342 -821.048
962.342 -821.048
832.101 -700.032
832.101 -700.032
832.101 -700.032
942.729 -799.4
934.476 -791.212
933.274 -789.542
933.274 -789.542
927.406 -783.934
927.406 -783.934
927.406 -783.934
926.867 -783.561
926.867 -783.561
911.449 -769.585
911.449 -769.585
919.421 -777.563
919.421 -777.563
939.429 -795.556
939.429 -795.556
937.173 -794.804
937.173 -794.804
937.173 -794.804
890.636 -759.07
890.636 -759.07
890.636 -759.07
890.636 -759.07
890.636 -759.07
890.636 -759.07
890.636 -759.07
890.636 -759.07
890.636 -759.07
872.929 -739.542
888.251 -752.373
888.251 -752.373
933.488 -788.398
933.488 -788.398
929.044 -783.301
929.044 -783.301
934.605 -787.978
934.605 -787.978
934.605 -787.978
935.827 -788.511
935.827 -788.511
913.43 -765.058
913.43 -765.058
913.43 -765.058
913.43 -765.058
961.414 -810.782
961.414 -810.782
961.414 -810.782
961.414 -810.782
961.414 -810.782
911.587 -759.151
911.587 -759.151
882.348 -729.011
882.348 -729.011
873.599 -718.879
873.599 -718.879
869.927 -713.624
869.927 -713.624
868.338 -710.439
868.338 -710.439
879.529 -720.938
879.529 -720.938
879.529 -720.938
889.808 -730.89
889.808 -730.89
897.58 -738.575
897.58 -738.575
903.861 -744.867
903.861 -744.867
908.793 -749.818
908.793 -749.818
912.968 -753.95
912.968 -753.95
1038 -871.493
1038 -871.493
864.039 -701.068
864.039 -701.068
937.247 -745.818
937.247 -745.818
937.247 -745.818
916.665 -732.1
928.445 -745.327
919.852 -737.291
919.852 -737.291
1070.52 -878.265
1070.52 -878.265
1070.52 -878.265
1031.04 -803.443
1031.04 -803.443
1031.04 -803.443
1031.04 -803.443
853.904 -592.227
853.904 -592.227
805.899 -546.379
805.899 -546.379
811.69 -566.617
811.69 -566.617
804.414 -582.533
804.414 -582.533
934.354 -700.374
934.354 -700.374
881.543 -652.62
881.543 -652.62
838.446 -613.418
838.446 -613.418
842.633 -610.023
842.633 -610.023
960.993 -684.798
960.993 -684.798
1061.39 -776.998
1061.39 -776.998
1071.66 -762.585
1071.66 -762.585
1068.73 -740.496
1068.73 -740.496
1068.73 -740.496
1100.93 -769.219
1100.93 -769.219
1156.72 -808.351
1156.72 -808.351
1166.26 -817.3
1166.26 -817.3
1152.44 -793.426
1164.59 -807.641
1164.59 -807.641
1141.63 -778.926
1119.16 -797.93
1119.16 -797.93
1174.93 -821.882
1174.93 -821.882
1174.93 -821.882
1216.84 -977.693
1216.84 -977.693
1232.2 -1027.57
1239.87 -1054.71
1239.87 -1054.71
1262.71 -1138.62
1262.71 -1138.62
1267.73 -1046.61
1267.73 -1046.61
1267.73 -1046.61
1267.73 -1046.61
1224.53 -1070
1224.53 -1070
1224.53 -1070
1224.53 -1070
1224.53 -1070
1224.53 -1070
1224.53 -1070
1224.53 -1070
1224.53 -1070
1224.53 -1070
1224.53 -1070
1127.88 -993.196
1127.88 -993.196
725.181 -692.559
725.181 -692.559
873.339 -710.421
873.339 -710.421
726.741 -575.347
726.741 -575.347
675.691 -525.594
675.691 -525.594
645.333 -494.855
645.333 -494.855
559.539 -403.679
559.539 -403.679
559.539 -403.679
572.307 -401.483
572.307 -401.483
572.307 -401.483
575.271 -393.914
575.271 -393.914
575.271 -393.914
575.271 -393.914
575.271 -393.914
575.271 -393.914
575.271 -393.914
575.271 -393.914
575.3 -390.066
611.185 -417.301
611.185 -417.301
803.874 -571.436
1021.09 -744.494
1021.09 -744.494
1023.88 -750.71
1023.88 -750.71
1062.33 -820.135
1062.33 -820.135
1093.39 -867.044
1215.67 -1040.8
1215.67 -1040.8
1264.57 -1057.1
1264.57 -1057.1
1264.57 -1057.1
1253.33 -992.631
1253.33 -992.631
1252.93 -977.032
1252.93 -977.032
1265.35 -989.35
1265.35 -989.35
1262.69 -980.994
1262.69 -980.994
1158.59 -787.62
1315.14 -1002.92
1315.14 -1002.92
1298.41 -980.286
1298.41 -980.286
1252.92 -916.466
1252.92 -916.466
1249.91 -911.756
1249.91 -911.756
1271.67 -940.018
1165.83 -789.616
1165.83 -789.616
1214.94 -858.354
1214.94 -858.354
1214.94 -858.354
1236.54 -886.149
1236.54 -886.149
1236.54 -886.149
1272.7 -1106.12
1272.7 -1106.12
640 400
640 400
640 400
1257.75 -936.246
389.901 -663.369
389.901 -663.369
443.439 -682.56
443.439 -682.56
422.139 -649.836
422.139 -649.836
422.139 -649.836
422.139 -649.836
346.24 -586.477
361.988 -418.06
361.988 -418.06
361.988 -418.06
193.03 -383.384
213.637 -375.898
213.637 -375.898
254.939 -358.253
282.309 -338.042
282.309 -338.042
282.309 -338.042
282.309 -338.042
282.309 -338.042
282.309 -338.042
282.309 -338.042
282.309 -338.042
282.309 -338.042
753.956 -268.921
640 400
640 400
640 400
640 400
640 400
640 400
1147.68 -596.788
1147.68 -596.788
1168.22 -700.413
1168.22 -700.413
1179.72 -756.053
1170.41 -741.907
1170.41 -741.907
1315.96 -917.815
1315.96 -917.815
1315.96 -917.815
1315.96 -917.815
1194.15 -740.159
1194.15 -740.159
1214.88 -771.432
1214.88 -771.432
1220.56 -778.665
1201.24 -741.3
1201.24 -741.3
1478.09 -1253.34
1478.09 -1253.34
1320.09 -935.067
1320.09 -935.067
1307.15 -898.339
1307.15 -898.339
1307.15 -898.339
1301.14 -876.207
1273 -807.859
1273 -807.859
1337.27 -828.191
1337.27 -828.191
1306.38 -761.369
1306.38 -761.369
1388.64 -873.885
1388.64 -873.885
1376.45 -846.82
1335.17 -788.081
1335.17 -788.081
1371.2 -1045.15
1371.2 -1045.15
1371.2 -1045.15
1289.65 -833.427
1289.65 -833.427
1365.21 -1013.45
1365.21 -1013.45
1353.43 -984.337
1313.03 -889.089
1313.03 -889.089
1313.03 -889.089
1346.73 -994.287
1346.73 -994.287
1330.36 -957.123
1330.36 -957.123
1330.36 -957.123
1330.36 -957.123
1322.97 -937.099
1368.06 -1007.15
1368.06 -1007.15
1356.42 -983.739
1356.42 -983.739
1511.82 -502.462
1511.82 -502.462
1511.82 -502.462
1499.82 -491.825
1499.82 -491.825
1499.82 -491.825
1508 -494.585
1508 -494.585
1508 -494.585
1526.33 -502.27
1526.96 -503.974
1526.96 -503.974
1526.96 -503.974
1534.53 -508.871
1571.78 -523.956
1571.78 -523.956
1566.81 -521.989
1566.81 -521.989
1483.2 -487.283
1644.03 -564.605
1644.03 -564.605
1644.03 -564.605
1644.03 -564.605
1592.87 -538.988
1592.87 -538.988
1592.87 -538.988
1569.81 -525.947
1531.51 -505.674
1418.93 -445.235
1418.93 -445.235
1420.11 -443.374
1420.11 -443.374
1478.98 -459.807
640 400
640 400
640 400
1499.59 -465.322
1499.59 -465.322
1482.03 -456.923
1482.03 -456.923
1482.03 -456.923
1548.57 -513.317
1548.57 -513.317
1564.87 -509.685
1575.26 -502.393
1575.26 -502.393
1539.75 -481.157
1539.75 -481.157
1539.75 -481.157
1598.01 -426.854
1671.92 -422.802
1671.92 -422.802
1671.92 -422.802
1626.01 -417.997
1626.01 -417.997
1591.94 -415.279
1591.94 -415.279
1578.32 -413.973
1578.32 -413.973
1543.6 -411.447
1543.6 -411.447
1547.54 -413.014
1547.54 -413.014
1547.54 -413.014
1558.75 -416.56
1515.41 -402.615
1515.41 -402.615
1492.92 -394.709
1492.92 -394.709
1492.92 -394.709
1492.92 -394.709
1492.92 -394.709
1492.92 -394.709
1492.92 -394.709
1492.92 -394.709
1492.92 -394.709
1664.78 -478.645
1664.78 -478.645
1418.35 -362.98
1418.35 -362.98
1483.29 -396.989
1483.29 -396.989
1454.16 -389.072
1454.16 -389.072
1439.67 -384.025
1439.67 -384.025
1293.09 -319.857
1293.09 -319.857
1293.09 -319.857
1285.93 -328.278
1285.93 -328.278
1383.2 -362.506
1383.2 -362.506
1456.48 -296.761
1456.48 -296.761
1538.49 -264.746
1538.49 -264.746
1538.49 -264.746
1845.89 -145.482
1840.67 -39.5128
1840.67 -39.5128
1840.67 -39.5128
1942.43 -89.0862
1940.61 -68.5974
1940.61 -68.5974
1921.5 -41.5837
1921.5 -41.5837
1858.91 43.9113
1858.91 43.9113
1889.11 28.0764
1889.11 28.0764
1918.86 -11.487
1918.86 -11.487
1880.78 -158.518
1880.78 -158.518
1880.78 -158.518
1850.05 -245.849
1850.05 -245.849
1734.83 -529.494
1734.83 -529.494
1734.83 -529.494
1734.83 -529.494
1734.83 -529.494
1734.83 -529.494
1734.83 -529.494
1734.83 -529.494
1734.83 -529.494
1734.83 -529.494
1730.55 -523.669
1730.55 -523.669
1804.82 -434.862
1804.82 -434.862
1804.82 -434.862
1703.02 -531.465
1703.02 -531.465
1703.02 -531.465
1703.02 -531.465
1703.02 -531.465
1703.02 -531.465
1703.02 -531.465
1703.02 -531.465
1649.83 -583.829
1649.83 -583.829
1649.83 -583.829
1498.05 -677.223
1504.58 -648.808
1504.58 -648.808
1504.58 -648.808
1504.58 -648.808
1504.58 -648.808
1504.58 -648.808
1504.58 -648.808
1504.58 -648.808
1504.58 -648.808
1504.58 -648.808
1504.58 -648.808
1504.58 -648.808
1504.58 -648.808
1504.58 -648.808
1504.58 -648.808
1504.58 -648.808
640 400
640 400
640 400
640 400
1836.85 -349.532
1836.85 -349.532
1836.85 -349.532
1818.02 -349.842
1818.02 -349.842
1766.67 -397.347
1766.67 -397.347
1766.67 -397.347
1589.77 -581.385
1589.77 -581.385
1611.22 -527.363
1600.15 -548.667
1600.15 -548.667
1600.15 -548.667
1668.78 -494.835
1668.78 -494.835
1641.63 -502.677
1641.63 -502.677
1641.63 -502.677
1554.62 -535.543
1547.22 -538.038
1547.22 -538.038
1547.22 -538.038
1545.27 -536.881
1545.27 -536.881
1602.46 -481.842
1602.46 -481.842
1587.89 -454.289
1587.89 -454.289
1576.77 -381.464
1576.77 -381.464
1588.38 -390.301
1588.38 -390.301
1588.38 -390.301
1507.71 -375.957
1561.79 -455.029
1561.79 -455.029
1561.79 -455.029
1539.64 -454.545
1539.64 -454.545
1364.84 -351.134
1364.84 -351.134
1487.91 -433.903
1487.91 -433.903
1418.62 -389.854
1418.62 -389.854
1430.91 -391.046
1430.91 -391.046
1430.91 -391.046
1450.44 -397.423
1450.44 -397.423
1399.91 -375.94
1399.91 -375.94
1399.91 -375.94
1399.91 -375.94
1395.7 -375.372
1389.88 -373.967
1389.88 -373.967
1389.43 -374.589
1366.26 -368.012
1366.26 -368.012
1348.55 -374.641
1348.55 -374.641
1348.55 -374.641
1462.49 -814.223
1462.49 -814.223
1462.49 -814.223
1452.74 -832.998
1452.74 -832.998
1452.74 -832.998
1452.74 -832.998
1452.74 -832.998
1452.74 -832.998
1452.74 -832.998
1452.74 -832.998
1452.74 -832.998
1451.64 -835.118
1453.98 -809.099
1453.98 -809.099
1453.69 -603.127
1453.69 -603.127
1453.69 -603.127
1453.69 -603.127
1454.79 -409.67
1449.82 -415.15
1445.06 -417.713
1445.06 -417.713
1445.06 -417.713
1445.06 -417.713
1445.06 -417.713
1445.06 -417.713
1445.06 -417.713
1445.06 -417.713
1445.06 -417.713
1438.29 -414.558
1438.29 -414.558
1438.29 -414.558
1555.65 -586.323
1555.65 -586.323
1548.54 -672.009
1548.54 -672.009
1548.54 -672.009
1453.84 -595.414
1404.62 -556.709
1404.62 -556.709
1473.3 -533.588
1473.3 -533.588
1473.3 -533.588
1358.13 -484.328
1358.13 -484.328
1363.49 -487.899
1345.62 -481.189
1345.62 -481.189
1345.62 -481.189
1338.32 -480.141
1338.32 -480.141
1333.21 -480.422
1333.21 -480.422
1333.21 -480.422
1328.41 -481.028
1328.41 -481.028
1315.19 -480.78
1315.19 -480.78
1315.19 -480.78
1172.71 -456.619
1160.57 -451.133
1160.57 -451.133
1167.23 -457.63
1158.53 -456.866
1158.53 -456.866
1176.1 -466.376
1184.36 -472.389
1184.36 -472.389
1005.8 -405.26
1005.8 -405.26
1005.8 -405.26
1005.8 -405.26
1005.8 -405.26
1111.6 -488.386
1111.6 -488.386
1111.6 -488.386
1111.6 -488.386
1061.81 -464.146
1061.81 -464.146
1061.81 -464.146
1032.93 -451.209
1032.93 -451.209
1001.47 -437.777
1001.47 -437.777
918.076 -404.399
918.076 -404.399
904.231 -402.626
904.231 -402.626
732.753 -375.818
732.753 -375.818
732.753 -375.818
664.359 -362.302
664.359 -362.302
622.062 -352.524
622.062 -352.524
622.062 -352.524
490.761 -316.107
466.854 -311.993
466.854 -311.993
466.854 -311.993
419.511 -285.499
419.511 -285.499
400.875 -273.766
400.875 -273.766
422.263 -281.832
422.263 -281.832
565.425 -332.922
565.425 -332.922
750.607 -406.446
750.607 -406.446
750.607 -406.446
750.768 -400.462
750.768 -400.462
746.95 -400.595
746.95 -400.595
737.294 -394.018
737.294 -394.018
717.344 -377.233
717.344 -377.233
722.602 -383.892
722.602 -383.892
726.078 -386.718
726.078 -386.718
726.078 -386.718
726.078 -386.718
718.504 -382.989
713.468 -380.858
713.468 -380.858
713.468 -380.858
713.468 -380.858
713.468 -380.858
713.468 -380.858
713.468 -380.858
713.468 -380.858
713.468 -380.858
710.383 -379.741
706.684 -378.052
706.684 -378.052
708.406 -379.6
720.805 -387.751
720.805 -387.751
621.345 -362.171
621.345 -362.171
525.052 -300.783
525.052 -300.783
600.459 -353.848
600.459 -353.848
611.89 -363.716
611.89 -363.716
590.697 -352.45
590.697 -352.45
674.807 -411.716
668.31 -409.631
668.31 -409.631
668.31 -409.631
668.31 -409.631
646.609 -395.094
651.105 -397.236
651.105 -397.236
651.105 -397.236
621.09 -378.308
621.09 -378.308
623.257 -379.229
623.257 -379.229
625.501 -380.727
625.501 -380.727
611.52 -372.529
611.52 -372.529
611.52 -372.529
600.649 -366.296
600.649 -366.296
605.227 -369.006
605.227 -369.006
610.066 -371.911
610.066 -371.911
757.697 -457.785
757.697 -457.785
669.734 -405.486
669.734 -405.486
655.154 -396.829
655.154 -396.829
655.154 -396.829
688.882 -415.796
688.882 -415.796
685.771 -414.044
685.771 -414.044
675.665 -408.285
675.665 -408.285
626.726 -379.114
626.726 -379.114
648.294 -390.698
648.294 -390.698
624.214 -376.468
624.214 -376.468
624.214 -376.468
627.772 -377.666
627.772 -377.666
632.357 -379.513
632.357 -379.513
632.357 -379.513
634.032 -379.1
634.032 -379.1
634.032 -379.1
634.505 -378.99
634.505 -378.99
634.376 -378.518
634.376 -378.518
635.057 -378.538
637.205 -379.391
637.205 -379.391
521.069 -311.936
521.069 -311.936
630.903 -370.488
630.903 -370.488
630.903 -370.488
576.518 -341.167
576.518 -341.167
595.329 -350.516
595.329 -350.516
595.329 -350.516
595.329 -350.516
595.329 -350.516
595.329 -350.516
595.329 -350.516
613.39 -359.688
613.39 -359.688
643.832 -382.54
643.832 -382.54
760.199 -445.858
760.199 -445.858
716.735 -426.119
716.735 -426.119
652.904 -395.942
652.904 -395.942
652.904 -395.942
656.436 -400.642
760.698 -467.809
760.698 -467.809
597.609 -389.736
597.609 -389.736
597.609 -389.736
678.513 -434.143
678.513 -434.143
705.193 -450.724
705.193 -450.724
718.326 -460.356
664.925 -446.982
664.925 -446.982
613.074 -424.95
613.074 -424.95
613.074 -424.95
630.452 -436.453
630.452 -436.453
589.255 -416.868
589.917 -419.631
589.917 -419.631
500.259 -381.913
500.259 -381.913
655.429 -493.426
634.15 -480.125
585.769 -449.659
585.769 -449.659
583.151 -449.946
583.151 -449.946
583.151 -449.946
612.321 -477.82
612.321 -477.82
581.304 -457.79
581.304 -457.79
586 -460.24
590.698 -462.89
590.698 -462.89
590.932 -462.938
590.932 -462.938
597.596 -466.72
597.596 -466.72
589.1 -461.327
589.1 -461.327
589.1 -461.327
586.598 -459.702
586.598 -459.702
586.598 -459.702
586.598 -459.702
586.598 -459.702
586.598 -459.702
586.598 -459.702
586.598 -459.702
586.598 -459.702
461.324 -383.204
461.324 -383.204
683.782 -482.332
633.699 -459.453
633.699 -459.453
633.699 -459.453
607.143 -448.088
607.143 -448.088
593.272 -442.625
593.272 -442.625
613.256 -451.883
613.256 -451.883
606.062 -448.641
606.062 -448.641
606.062 -448.641
550.7 -422.337
550.7 -422.337
574.597 -432.38
574.597 -432.38
569.896 -428.752
569.896 -428.752
558.669 -422.775
558.669 -422.775
531.912 -409.676
531.912 -409.676
531.912 -409.676
576.402 -427.738
576.402 -427.738
605.368 -439.953
605.368 -439.953
605.368 -439.953
530.267 -404.055
589.168 -430.693
589.168 -430.693
589.168 -430.693
588.461 -429.341
588.461 -429.341
711.756 -482.858
711.756 -482.858
714.075 -482.55
714.075 -482.55
653.333 -453.086
653.333 -453.086
636.94 -444.634
636.94 -444.634
636.94 -444.634
621.163 -436.496
621.163 -436.496
641.979 -445.943
641.979 -445.943
656.642 -452.194
656.642 -452.194
656.642 -452.194
656.642 -452.194
656.642 -452.194
656.642 -452.194
656.642 -452.194
656.642 -452.194
656.642 -452.194
650.432 -448.26
650.432 -448.26
655.675 -449.921
655.675 -449.921
655.675 -449.921
665.596 -453.883
665.596 -453.883
674.193 -457.241
674.193 -457.241
674.193 -457.241
669.713 -453.772
669.713 -453.772
677.58 -456.846
677.58 -456.846
505.94 -349.854
505.94 -349.854
633.882 -418.463
633.882 -418.463
636.114 -419.004
636.114 -419.004
638.45 -419.187
638.45 -419.187
634.579 -416.009
634.579 -416.009
642.742 -416.19
642.742 -416.19
642.742 -416.19
651.865 -419.736
651.865 -419.736
591.225 -383.947
591.225 -383.947
608.785 -393.554
608.785 -393.554
591.959 -383.754
591.959 -383.754
591.959 -383.754
599.433 -388.091
599.433 -388.091
613.607 -396.142
613.607 -396.142
676.019 -430.708
676.019 -430.708
683.197 -434.415
683.197 -434.415
683.197 -434.415
654.365 -416.828
654.365 -416.828
654.365 -416.828
701.864 -444.16
725.816 -457.908
725.816 -457.908
716.926 -452.415
716.926 -452.415
712.424 -449.574
712.424 -449.574
532.076 -344.56
532.076 -344.56
532.076 -344.56
530.123 -344.572
530.123 -344.572
529.086 -344.413
529.086 -344.413
561.058 -362.827
561.058 -362.827
574.304 -370.441
574.304 -370.441
574.304 -370.441
522.204 -342.043
522.204 -342.043
601.049 -384.934
601.049 -384.934
616.744 -393.452
616.744 -393.452
622.781 -396.488
622.781 -396.488
622.781 -396.488
622.781 -396.488
617.345 -393.095
617.345 -393.095
621.827 -395.237
621.827 -395.237
628.563 -398.693
628.563 -398.693
630.89 -399.592
632.939 -400.357
632.939 -400.357
632.939 -400.357
636.909 -402.122
636.909 -402.122
642.425 -404.661
642.425 -404.661
642.442 -404.345
642.442 -404.345
642.442 -404.345
642.442 -404.345
642.442 -404.345
642.442 -404.345
642.442 -404.345
642.442 -404.345
642.442 -404.345
647.637 -406.752
647.637 -406.752
647.637 -406.752
649.912 -407.592
526.84 -339.769
526.84 -339.769
526.84 -339.769
528.643 -338.999
528.643 -338.999
648.794 -398.888
648.794 -398.888
648.794 -398.888
642.541 -394.581
642.541 -394.581
647.514 -396.143
647.514 -396.143
539.039 -336.548
539.039 -336.548
637.037 -385.738
637.037 -385.738
637.037 -385.738
706.607 -421.266
706.607 -421.266
689.097 -410.752
689.097 -410.752
681.955 -405.751
681.955 -405.751
681.955 -405.751
553 -331.072
683.575 -374.932
683.575 -374.932
683.575 -374.932
527.217 -336.096
527.217 -336.096
475.436 -319.619
475.436 -319.619
436.228 -304.159
436.228 -304.159
371.388 -276.29
371.388 -276.29
376.304 -274.734
376.304 -274.734
375.626 -277.813
375.626 -277.813
425.074 -296.753
425.074 -296.753
425.074 -296.753
473.635 -311.714
473.635 -311.714
659.809 -362.533
659.809 -362.533
659.809 -362.533
784.424 -389.789
790.308 -389.952
790.308 -389.952
790.308 -389.952
791.693 -386.983
791.693 -386.983
789.633 -382.571
789.633 -382.571
778.583 -363.805
778.583 -363.805
796.752 -375.989
796.752 -375.989
652.872 -371.5
652.872 -371.5
652.872 -371.5
604.256 -371.085
604.256 -371.085
548.982 -354.281
548.982 -354.281
548.982 -354.281
504.783 -367.99
515.812 -371.719
515.812 -371.719
521.452 -369.752
521.452 -369.752
521.452 -369.752
524.098 -370.647
524.098 -370.647
557.101 -389.699
557.101 -389.699
657.002 -447.287
657.002 -447.287
659.397 -451.205
659.397 -451.205
659.397 -451.205
587.39 -407.974
587.39 -407.974
570.994 -396.971
570.994 -396.971
566.248 -392.767
566.248 -392.767
566.248 -392.767
563.514 -390.156
563.514 -390.156
560.305 -387.579
560.305 -387.579
575.172 -395.009
575.172 -395.009
574.165 -393.664
574.165 -393.664
571.924 -391.809
571.924 -391.809
566.218 -388.055
566.218 -388.055
566.218 -388.055
548.045 -374.578
412.579 -295.813
412.579 -295.813
412.579 -295.813
539.327 -368.168
530.3 -363.047
530.3 -363.047
530.3 -363.047
537.143 -366.885
537.143 -366.885
414.831 -297.041
414.831 -297.041
568.334 -386.576
568.334 -386.576
568.334 -386.576
567.107 -385.361
517.027 -355.962
517.027 -355.962
517.027 -355.962
534.825 -365.425
534.825 -365.425
519.781 -352.902
519.781 -352.902
672.445 -440.166
672.445 -440.166
610.864 -404.436
610.864 -404.436
610.864 -404.436
592.61 -393.331
592.61 -393.331
575.164 -382.99
575.164 -382.99
560.612 -373.272
560.612 -373.272
578.792 -382.31
578.792 -382.31
628.918 -411.35
628.918 -411.35
628.918 -411.35
646.364 -421.059
646.364 -421.059
592.12 -389.014
592.12 -389.014
592.12 -389.014
573.658 -377.087
573.658 -377.087
912.703 -557.617
912.703 -557.617
841.469 -506.214
841.469 -506.214
828.812 -491.776
828.812 -491.776
820.179 -483.32
820.179 -483.32
688.025 -377.768
688.025 -377.768
688.025 -377.768
928.576 -578.17
928.576 -578.17
856.029 -521.96
856.029 -521.96
836.31 -502.449
836.31 -502.449
803.388 -471.578
803.388 -471.578
783.303 -435.921
783.303 -435.921
783.303 -435.921
802.963 -444.868
802.963 -444.868
802.963 -444.868
802.963 -444.868
802.963 -444.868
802.963 -444.868
802.963 -444.868
802.963 -444.868
802.963 -444.868
824.964 -461.21
824.964 -461.21
792.114 -431.05
792.114 -431.05
803.985 -437.646
803.985 -437.646
811.618 -440.662
811.618 -440.662
858.301 -458.645
858.301 -458.645
858.301 -458.645
855.038 -448.849
855.038 -448.849
858.81 -449.548
858.81 -449.548
862.131 -449.03
862.131 -449.03
893.439 -472.04
893.439 -472.04
893.439 -472.04
878.266 -444.61
878.266 -444.61
900.367 -455.547
900.367 -455.547
900.306 -451.972
900.306 -451.972
919.255 -445.312
919.255 -445.312
919.255 -445.312
868.538 -453.391
868.538 -453.391
717.146 -471.724
717.146 -471.724
701.039 -460.831
701.039 -460.831
708.958 -462.917
708.958 -462.917
714.644 -465.745
714.644 -465.745
718.255 -464.316
718.255 -464.316
718.255 -464.316
721.346 -462.007
721.346 -462.007
718.756 -456.929
718.756 -456.929
718.756 -456.929
720.3 -455.988
720.3 -455.988
722.844 -456.078
722.844 -456.078
722.31 -454.089
722.31 -454.089
722.376 -452.296
722.376 -452.296
726.229 -453.337
726.229 -453.337
727.992 -453.166
727.992 -453.166
728.42 -452.324
728.42 -452.324
728.42 -452.324
729.9 -452.235
729.9 -452.235
732.568 -453.259
732.568 -453.259
726.737 -456.795
726.737 -456.795
727.722 -461.039
727.722 -461.039
727.722 -461.039
727.916 -464.511
729.3 -468.108
729.3 -468.108
729.3 -468.108
729.646 -471.124
729.646 -471.124
866.294 -558.658
866.294 -558.658
866.294 -558.658
740.766 -512.4
740.766 -512.4
728.646 -508.164
728.646 -508.164
750.424 -517.611
750.424 -517.611
750.424 -517.611
761.177 -522.864
766.087 -525.695
766.087 -525.695
766.087 -525.695
763.958 -525.473
764.669 -526.45
764.669 -526.45
764.669 -526.45
765.38 -528.252
765.38 -528.252
573.234 -447.156
573.234 -447.156
564.245 -441.692
564.245 -441.692
564.245 -441.692
564.245 -441.692
564.245 -441.692
564.245 -441.692
564.245 -441.692
564.245 -441.692
564.245 -441.692
564.245 -441.692
564.245 -441.692
564.613 -439.441
564.613 -439.441
564.613 -439.441
635.084 -471.45
635.084 -471.45
664.086 -483.1
664.086 -483.1
766.31 -525.157
766.31 -525.157
728.156 -502.229
728.156 -502.229
728.156 -502.229
728.851 -501.573
728.851 -501.573
727.384 -499.661
727.384 -499.661
761.25 -517.135
761.25 -517.135
744.931 -500.738
744.931 -500.738
744.931 -500.738
646.982 -443.681
737.152 -478.875
737.152 -478.875
737.152 -478.875
759.747 -486.455
759.747 -486.455
735.836 -476.303
735.836 -476.303
937.356 -560.292
937.356 -560.292
713.895 -461.845
713.895 -461.845
785.777 -491.505
785.777 -491.505
785.777 -491.505
754.369 -491.571
754.369 -491.571
754.369 -491.571
754.369 -491.571
754.369 -491.571
754.369 -491.571
754.369 -491.571
738.427 -489.929
738.427 -489.929
961.929 -529.761
961.929 -529.761
821.986 -486.975
821.986 -486.975
846.221 -508.628
846.221 -508.628
846.221 -508.628
863.959 -523.055
863.959 -523.055
888.362 -541.729
888.362 -541.729
748.687 -458.696
748.687 -458.696
866.594 -529.637
866.594 -529.637
866.594 -529.637
847.05 -519.072
837.025 -513.498
837.025 -513.498
837.025 -513.498
845.648 -521.552
845.648 -521.552
896.706 -563.666
896.706 -563.666
896.706 -563.666
896.706 -563.666
896.706 -563.666
896.706 -563.666
896.706 -563.666
896.706 -563.666
896.706 -563.666
875.554 -551.881
875.554 -551.881
863.059 -543.348
863.059 -543.348
862.457 -542.737
862.457 -542.737
887.384 -559.923
887.384 -559.923
887.384 -559.923
761.157 -470.452
761.157 -470.452
849.987 -530.269
849.987 -530.269
850.381 -529.865
850.381 -529.865
850.381 -529.865
864.236 -538.589
864.236 -538.589
867.775 -536.993
867.775 -536.993
867.775 -536.993
1078.8 -533.45
1078.79 -529.06
1078.79 -529.06
1078.79 -529.06
1130.38 -565.745
1130.38 -565.745
1101.03 -541.403
1101.03 -541.403
1093.19 -535.444
1093.19 -535.444
1065.31 -505.116
1065.31 -505.116
1064.94 -505.122
1064.94 -505.122
1064.94 -505.122
1068.39 -511.352
1068.39 -511.352
1069.29 -514.191
1069.29 -514.191
1068.29 -514.439
1068.29 -514.439
1063.99 -511.697
1063.99 -511.697
1063.99 -511.697
1065.88 -513.858
1065.88 -513.858
1160.73 -592.618
1160.73 -592.618
1044.58 -504.258
1044.58 -504.258
1052.12 -511.145
1052.12 -511.145
1054.02 -513.156
1054.02 -513.156
1051.06 -511.5
1051.06 -511.5
1071.48 -527.555
1071.48 -527.555
1071.48 -527.555
1084.98 -538.357
1084.98 -538.357
932.794 -434.396
932.794 -434.396
932.794 -434.396
930.045 -435.174
930.045 -435.174
930.045 -435.174
930.045 -435.174
930.045 -435.174
930.045 -435.174
930.045 -435.174
930.045 -435.174
928.518 -435.492
928.518 -435.492
928.518 -435.492
928.518 -435.492
928.518 -435.492
954.409 -458.74
954.409 -458.74
944.558 -460.182
944.558 -460.182
908.302 -463.06
908.302 -463.06
906.382 -453.382
906.382 -453.382
844.099 -413.136
844.099 -413.136
844.099 -413.136
897.012 -446.695
897.012 -446.695
855.054 -418.096
855.054 -418.096
874.664 -442.655
874.664 -442.655
874.664 -442.655
874.664 -442.655
865.275 -449.458
865.275 -449.458
865.275 -449.458
858.689 -444.584
858.689 -444.584
885.141 -465.67
885.141 -465.67
885.141 -465.67
838.11 -431.464
838.11 -431.464
818.228 -420.886
807.56 -416.478
807.56 -416.478
807.56 -416.478
805.331 -416.998
805.331 -416.998
803.855 -417.593
803.855 -417.593
799.343 -415.88
799.343 -415.88
769.735 -402.516
769.735 -402.516
769.735 -402.516
771.628 -407.421
771.628 -407.421
825.019 -444.606
825.019 -444.606
768.143 -411.9
768.143 -411.9
711.983 -378.994
711.983 -378.994
731.071 -421.371
731.071 -421.371
731.071 -421.371
796.722 -475.107
796.722 -475.107
744.757 -434.336
744.757 -434.336
744.757 -434.336
730.627 -424.026
730.627 -424.026
712.963 -412.299
712.963 -412.299
648.643 -370.194
648.643 -370.194
654.125 -373.513
654.125 -373.513
653.497 -372.172
653.497 -372.172
616.181 -343.876
616.181 -343.876
616.181 -343.876
627.97 -349.754
627.97 -349.754
345.32 -231.679
345.32 -231.679
337.231 -238.157
337.231 -238.157
336.568 -234.724
336.568 -234.724
336.568 -234.724
335.964 -234.598
332.628 -234.169
332.628 -234.169
332.628 -234.169
307.896 -218.477
307.896 -218.477
307.896 -218.477
307.001 -224.518
307.001 -224.518
297.253 -220.054
297.253 -220.054
315.667 -230.542
315.667 -230.542
314.604 -230.577
314.604 -230.577
525.117 -290.284
525.117 -290.284
525.117 -290.284
522.701 -315.639
522.701 -315.639
523.294 -316.401
523.294 -316.401
516.883 -313.135
516.883 -313.135
519.382 -318.524
519.382 -318.524
519.382 -318.524
767.232 -489.628
767.232 -489.628
762.691 -470.978
762.691 -470.978
753.313 -465.075
753.313 -465.075
746.067 -459.836
746.067 -459.836
749.078 -458.632
749.078 -458.632
720.291 -437.52
720.291 -437.52
731.273 -441.618
731.273 -441.618
731.273 -441.618
750.532 -452.802
750.532 -452.802
752.658 -454.629
752.658 -454.629
752.658 -454.629
757.226 -457.343
745.821 -451.944
745.821 -451.944
745.821 -451.944
752.108 -455.784
752.108 -455.784
855.863 -517.932
855.863 -517.932
759.271 -462.771
759.271 -462.771
774.674 -470.522
774.674 -470.522
802.041 -485.093
802.041 -485.093
802.041 -485.093
784.587 -474.28
784.587 -474.28
776.646 -469.275
776.646 -469.275
776.472 -468.643
776.472 -468.643
788.091 -474.578
788.091 -474.578
796.888 -479.042
796.888 -479.042
796.888 -479.042
791.901 -475.797
791.901 -475.797
785.622 -471.868
785.622 -471.868
792.102 -475.038
792.102 -475.038
785.258 -470.711
785.258 -470.711
785.258 -470.711
48.2143 -26.7754
48.2143 -26.7754
44.1376 -16.2639
44.1376 -16.2639
44.1376 -16.2639
49.4593 -15.7404
53.979 -16.192
53.979 -16.192
47.9643 -13.5667
47.9643 -13.5667
47.9643 -13.5667
6.4146 6.651
6.4146 6.651
0.1948 12.8184
0.1948 12.8184
0.1948 12.8184
62.1142 -3.2665
62.1142 -3.2665
62.1142 -3.2665
62.1142 -3.2665
62.1142 -3.2665
62.1142 -3.2665
62.1142 -3.2665
62.1142 -3.2665
39.5489 4.9163
39.5489 4.9163
39.5489 4.9163
55.7029 0.5701
55.7029 0.5701
63.5848 -1.4859
63.5848 -1.4859
50.6746 5.3062
50.6746 5.3062
559.696 -335.273
559.696 -335.273
559.696 -335.273
576.712 -312.088
576.712 -312.088
677.043 -283.595
677.043 -283.595
680.931 -314.41
680.931 -314.41
720.814 -347.444
720.814 -347.444
720.814 -347.444
689.38 -452.296
566.066 -440.513
566.066 -440.513
633.665 -470.87
633.665 -470.87
633.665 -470.87
656.407 -480.623
656.407 -480.623
667.755 -485.422
667.755 -485.422
716.928 -508.768
716.928 -508.768
687.108 -496.928
687.108 -496.928
687.108 -496.928
629.198 -471.603
629.198 -471.603
609.45 -463.22
609.45 -463.22
609.45 -463.22
634.253 -473.911
644.586 -478.525
644.586 -478.525
647.158 -480.246
647.158 -480.246
647.158 -480.246
653.528 -482.52
653.528 -482.52
652.57 -480.31
652.57 -480.31
-130.492 108.671
-130.492 108.671
-141.703 132.033
-141.703 132.033
-141.703 132.033
-125.015 128.587
-125.015 128.587
-90.466 116.489
-90.466 116.489
-137.417 137.691
-137.417 137.691
-51.8276 140.012
-51.8276 140.012
-206.258 197.44
-206.258 197.44
-206.258 197.44
-197.708 191.708
-197.708 191.708
-198.923 193.328
-198.923 193.328
-225.482 205.486
-225.482 205.486
-219.363 204.083
-219.363 204.083
-219.363 204.083
-219.059 204.881
-216.774 204.886
-216.774 204.886
-216.774 204.886
-216.345 205.85
-216.345 205.85
-52.7616 83.3988
-52.7616 83.3988
-59.5869 88.1512
-59.5869 88.1512
-59.5869 88.1512
-61.8885 90.9639
-61.8885 90.9639
-62.495 92.2785
-62.495 92.2785
-63.0115 92.4417
-63.0115 92.4417
609.854 -343.692
609.854 -343.692
601.6 -328.211
601.6 -328.211
601.6 -328.211
662.152 -339.005
662.152 -339.005
662.152 -339.005
642.554 -329.785
627.28 -324.326
627.28 -324.326
590.583 -280.647
590.583 -280.647
590.583 -280.647
591.098 -274.891
591.098 -274.891
564.965 -263.424
564.965 -263.424
577.481 -267.162
577.481 -267.162
615.427 -276.662
615.427 -276.662
615.427 -276.662
600.104 -261.488
600.104 -261.488
590.184 -256.864
590.184 -256.864
590.184 -256.864
526.774 -239.099
592.916 -254.413
592.916 -254.413
558.879 -245.285
558.879 -245.285
598.869 -249.674
598.869 -249.674
598.869 -249.674
598.112 -248.434
598.112 -248.434
604.462 -250.335
604.462 -250.335
589.638 -245.205
589.638 -245.205
589.638 -245.205
536.019 -262.941
536.019 -262.941
377.206 -309.501
377.206 -309.501
525.463 -327.577
525.463 -327.577
525.463 -327.577
453.823 -315.734
453.823 -315.734
432.029 -313.242
432.029 -313.242
423.292 -313.383
423.292 -313.383
397.979 -306.244
397.979 -306.244
374.245 -306.778
374.245 -306.778
409.533 -312.485
409.533 -312.485
409.533 -312.485
454.229 -321.103
454.229 -321.103
402.268 -311.933
402.268 -311.933
389.343 -307.901
389.343 -307.901
384.288 -307.113
384.288 -307.113
459.575 -323.252
459.575 -323.252
459.575 -323.252
422.176 -315.509
422.176 -315.509
428.684 -316.888
428.684 -316.888
428.684 -316.888
368.318 -305.682
368.318 -305.682
387.515 -309.063
387.515 -309.063
372.887 -307.72
372.887 -307.72
378.607 -309.095
378.607 -309.095
381.352 -309.788
381.352 -309.788
380.563 -309.698
380.563 -309.698
388.542 -311.267
388.542 -311.267
388.542 -311.267
390.508 -311.694
390.508 -311.694
390.413 -311.719
390.413 -311.719
535.347 -341.316
535.347 -341.316
535.347 -341.316
423.795 -317.322
423.795 -317.322
427.648 -317.455
423.789 -316.043
423.789 -316.043
423.789 -316.043
421.584 -314.772
421.584 -314.772
536.616 -335.669
536.616 -335.669
537.123 -333.533
537.123 -333.533
537.123 -333.533
495.787 -323.208
495.787 -323.208
510.175 -325.978
510.175 -325.978
485.218 -319.061
485.218 -319.061
496.29 -320.729
496.29 -320.729
496.29 -320.729
503.945 -321.481
503.945 -321.481
488.127 -316.169
488.127 -316.169
262.184 -248.805
262.184 -248.805
413.293 -263.864
413.293 -263.864
488.023 -330.213
488.023 -330.213
488.023 -330.213
513.99 -350.301
513.99 -350.301
493.431 -348.685
493.431 -348.685
493.431 -348.685
558.543 -387.739
565.943 -381.618
565.943 -381.618
565.943 -381.618
568.526 -392.354
568.526 -392.354
569.797 -395.139
569.797 -395.139
585.732 -401.705
585.732 -401.705
554.96 -394.744
554.96 -394.744
535.69 -385.265
535.69 -385.265
535.69 -385.265
558.671 -391.667
545.117 -386.365
545.117 -386.365
545.117 -386.365
552.876 -387.595
552.876 -387.595
453.029 -350.284
453.029 -350.284
453.029 -350.284
544.313 -379.761
500.071 -365.737
500.071 -365.737
500.071 -365.737
485.667 -361.246
485.667 -361.246
500.271 -365.497
500.271 -365.497
515.371 -369.926
515.371 -369.926
716.772 -431.558
716.772 -431.558
558.003 -383.286
558.003 -383.286
558.003 -383.286
578.08 -384.247
578.08 -384.247
529.929 -363.207
529.929 -363.207
505.23 -355.327
505.23 -355.327
485.726 -349.111
485.726 -349.111
485.726 -349.111
485.726 -349.111
471.517 -341.551
431.136 -330.246
431.136 -330.246
432.679 -326.635
432.679 -326.635
432.679 -326.635
434.966 -325.364
434.966 -325.364
427.513 -322.588
427.513 -322.588
435.964 -324.799
435.964 -324.799
440.136 -325.633
440.136 -325.633
440.136 -325.633
438.031 -324.792
438.031 -324.792
427.822 -322.087
427.822 -322.087
431.39 -323.195
431.39 -323.195
431.593 -323.358
431.593 -323.358
422.227 -321.142
422.227 -321.142
422.227 -321.142
426.733 -322.576
430.848 -323.774
430.848 -323.774
430.848 -323.774
626.816 -375.645
626.816 -375.645
362.302 -297.845
362.302 -297.845
431.471 -317.151
431.471 -317.151
453.716 -323.244
453.716 -323.244
484.52 -328.386
484.52 -328.386
484.52 -328.386
621.667 -364.352
621.667 -364.352
629.102 -363.192
629.102 -363.192
629.102 -363.192
658.937 -377.248
658.937 -377.248
649.647 -372.849
649.647 -372.849
614.064 -357.053
614.064 -357.053
591.552 -343.262
591.552 -343.262
641.865 -361.064
641.865 -361.064
641.865 -361.064
636.648 -357.179
636.648 -357.179
635.021 -355.394
635.021 -355.394
641.786 -357.716
641.786 -357.716
668.664 -366.92
668.664 -366.92
668.664 -366.92
671.207 -367.037
671.207 -367.037
678.156 -369.217
678.156 -369.217
662.573 -362.028
662.573 -362.028
659.646 -360.136
659.646 -360.136
659.646 -360.136
655.765 -357.973
656.291 -357.618
656.291 -357.618
656.333 -357.408
656.333 -357.408
656.333 -357.408
657.449 -357.548
657.449 -357.548
780.825 -404.242
780.825 -404.242
649.719 -350.232
649.719 -350.232
649.302 -350.481
649.302 -350.481
649.302 -350.481
601.32 -330.068
601.32 -330.068
601.32 -330.068
615.008 -335.219
615.008 -335.219
615.008 -335.219
615.008 -335.219
615.008 -335.219
615.008 -335.219
615.008 -335.219
617.693 -333.502
617.693 -333.502
644.572 -345.001
644.572 -345.001
631.513 -339.491
631.513 -339.491
636.966 -341.553
636.966 -341.553
636.966 -341.553
642.937 -343.759
642.937 -343.759
647.58 -345.168
647.58 -345.168
647.58 -345.168
662.255 -351.066
649.432 -344.923
649.432 -344.923
649.432 -344.923
779.137 -401.236
779.137 -401.236
780.905 -401.398
780.905 -401.398
649.012 -339.913
649.012 -339.913
660.853 -345.13
660.853 -345.13
658.676 -343.529
658.676 -343.529
658.676 -343.529
795.685 -408.077
795.685 -408.077
643.768 -330.799
643.768 -330.799
650.64 -333.306
650.64 -333.306
703.7 -360.218
703.7 -360.218
702.717 -359.053
702.717 -359.053
698.273 -352.691
698.273 -352.691
698.273 -352.691
690.404 -345.463
690.404 -345.463
697.063 -348.032
697.063 -348.032
702.196 -350.034
702.196 -350.034
702.196 -350.034
703.706 -350.061
703.706 -350.061
834.681 -419.642
834.681 -419.642
713.732 -349.263
713.732 -349.263
722.915 -353.738
722.915 -353.738
722.915 -353.738
729.614 -356.748
724.24 -353.017
724.24 -353.017
603.349 -282.572
603.349 -282.572
853.577 -415.055
853.577 -415.055
853.577 -415.055
854.593 -415.039
854.593 -415.039
773.854 -373.396
773.854 -373.396
733.69 -352.848
733.69 -352.848
733.69 -352.848
715.649 -339.88
715.649 -339.88
761.07 -362.069
761.07 -362.069
762.203 -362.586
762.203 -362.586
766.535 -364.64
766.535 -364.64
768.146 -365.545
768.146 -365.545
759.573 -363.977
759.573 -363.977
759.573 -363.977
760.413 -365.318
760.413 -365.318
747.956 -360.574
747.956 -360.574
741.011 -357.864
741.011 -357.864
735.324 -355.477
735.324 -355.477
627.742 -314.135
627.742 -314.135
627.742 -314.135
740.578 -355.401
740.578 -355.401
748.562 -357.862
748.562 -357.862
738.234 -354.198
738.234 -354.198
732.914 -352.638
732.914 -352.638
741.465 -356.035
741.465 -356.035
741.465 -356.035
872.913 -403.297
872.913 -403.297
624.755 -315.988
624.755 -315.988
714.814 -346.834
714.814 -346.834
744.985 -357.307
744.985 -357.307
714.179 -346.468
714.179 -346.468
774.887 -366.062
774.887 -366.062
774.887 -366.062
619.917 -313.712
619.917 -313.712
619.624 -313.384
619.624 -313.384
652.14 -323.751
652.14 -323.751
652.14 -323.751
669.866 -329.19
669.866 -329.19
687.154 -334.526
687.154 -334.526
870.72 -388.19
870.72 -388.19
769.525 -356.775
769.525 -356.775
747.423 -349.222
747.423 -349.222
745.583 -348.275
745.583 -348.275
745.583 -348.275
747.519 -348.691
747.519 -348.691
751.91 -349.882
751.91 -349.882
754.352 -350.577
754.352 -350.577
754.352 -350.577
610.699 -311.581
731.246 -343.333
731.246 -343.333
731.246 -343.333
731.246 -343.333
749.202 -347.682
746.839 -346.373
746.839 -346.373
742.645 -344.803
742.645 -344.803
742.645 -344.803
603.4 -306.37
603.4 -306.37
859.909 -372.392
859.909 -372.392
792.307 -354.253
792.307 -354.253
765.108 -346.907
765.108 -346.907
765.108 -346.907
756.794 -344.386
756.794 -344.386
715.94 -332.486
715.94 -332.486
766.08 -344.966
766.08 -344.966
741.569 -337.926
741.569 -337.926
732.181 -335.082
732.181 -335.082
732.181 -335.082
724.916 -332.798
724.916 -332.798
728.99 -333.667
728.99 -333.667
728.226 -333.423
728.226 -333.423
724.209 -332.361
724.209 -332.361
724.209 -332.361
727.302 -333.242
731.487 -334.376
731.487 -334.376
731.487 -334.376
743.183 -337.552
743.183 -337.552
713.109 -327.994
713.109 -327.994
838.516 -364.622
838.516 -364.622
838.019 -364.646
838.019 -364.646
838.019 -364.646
837.583 -364.76
837.583 -364.76
837.119 -364.903
837.119 -364.903
581.61 -282.635
581.61 -282.635
581.61 -282.635
580.983 -279.846
632.307 -298.041
632.307 -298.041
632.307 -298.041
664.579 -309.326
664.579 -309.326
681.868 -315.321
681.868 -315.321
681.868 -315.321
690.583 -317.392
690.583 -317.392
675.435 -311.712
675.435 -311.712
662.308 -307.154
662.308 -307.154
668.176 -309.693
668.176 -309.693
663.427 -308.03
663.427 -308.03
663.427 -308.03
680.114 -314.728
680.114 -314.728
680.114 -314.728
680.114 -314.728
680.114 -314.728
680.114 -314.728
680.114 -314.728
680.114 -314.728
680.114 -314.728
677.086 -313.68
677.086 -313.68
662.608 -307.899
662.608 -307.899
651.749 -303.59
651.749 -303.59
648.322 -302.12
648.322 -302.12
658.596 -306.12
658.596 -306.12
843.767 -378.535
843.767 -378.535
843.767 -378.535
847.151 -377.852
847.151 -377.852
800.75 -357.28
800.75 -357.28
794.143 -353.793
794.143 -353.793
786.3 -339.854
786.3 -339.854
1015.45 -261.946
1015.45 -261.946
1015.45 -261.946
1015.71 -261.039
1015.71 -261.039
959.254 -233.727
959.254 -233.727
978.981 -240.848
978.981 -240.848
991.895 -244.168
991.895 -244.168
991.895 -244.168
991.895 -244.168
991.895 -244.168
991.895 -244.168
991.895 -244.168
991.895 -244.168
991.895 -244.168
991.895 -244.168
1033.6 -243.784
1033.6 -243.784
1057.75 -221.201
1057.75 -221.201
1064.79 -219.604
1064.79 -219.604
1066.96 -216.135
1066.96 -216.135
1068.95 -214.171
1068.95 -214.171
1068.95 -214.171
1069.62 -212.39
1069.62 -212.39
1071.42 -210.817
1071.42 -210.817
851.073 -264.168
851.073 -264.168
642.925 -376.918
642.925 -376.918
763.41 -322.176
763.41 -322.176
803.554 -331.629
803.554 -331.629
861.8 -346.62
861.8 -346.62
861.8 -346.62
766.225 -428.709
766.225 -428.709
895.875 -514.779
895.875 -514.779
894.183 -514.245
894.183 -514.245
882.802 -507.055
882.802 -507.055
882.802 -507.055
876.776 -503.314
876.776 -503.314
872.265 -503.305
872.265 -503.305
1171.33 -101.401
1171.33 -101.401
1172.72 -99.3164
1172.72 -99.3164
1171.43 -98.3394
1171.43 -98.3394
1171.43 -98.3394
1172.16 -97.3338
1172.16 -97.3338
1182.76 -88.3335
1182.76 -88.3335
1211.12 -75.7796
1211.12 -75.7796
1212.72 -71.3131
1212.72 -71.3131
1212.72 -71.3131
1218.03 -71.1219
1218.03 -71.1219
1190.93 -63.0104
1190.93 -63.0104
1193.37 -60.4548
1193.37 -60.4548
1193.37 -60.4548
1201.92 -59.6091
1206.38 -58.4831
1206.38 -58.4831
1206.38 -58.4831
1213.79 -57.9689
1213.79 -57.9689
1204.45 -53.7139
1204.45 -53.7139
1204.45 -53.7139
1197.23 -49.7712
1205.37 -49.0191
1205.37 -49.0191
1205.37 -49.0191
1208.55 -46.8581
1208.55 -46.8581
1203.55 -42.8397
1203.55 -42.8397
1203.55 -42.8397
1210.47 -41.3483
1293.88 -25.2554
1293.88 -25.2554
1161.78 6.5653
1161.78 6.5653
1161.78 6.5653
1259.63 -0.1541
1259.63 -0.1541
1276.88 2.7739
1276.88 2.7739
1318.35 4.9481
1318.35 4.9481
1326.83 38.482
1326.83 38.482
1326.83 38.482
1349.46 41.0647
1349.46 41.0647
1349.59 43.4105
1349.59 43.4105
1336.41 48.5418
1336.41 48.5418
1341.76 48.8069
1341.76 48.8069
1343.2 49.2006
1343.2 49.2006
1343.2 49.2006
1218.41 89.6865
1218.41 89.6865
1333.99 63.2925
1333.99 63.2925
1333.99 63.2925
1385.65 50.7433
1385.65 50.7433
1326.11 69.7513
1326.11 69.7513
1329.65 70.2548
1329.65 70.2548
1203.32 118.616
1203.32 118.616
1326.34 85.8404
1326.34 85.8404
1263.86 105.983
1263.86 105.983
1333.33 229.016
1333.33 229.016
1333.33 229.016
1345.93 263.057
1345.93 263.057
1334.85 287.183
1334.85 287.183
1358.7 291.768
1358.7 291.768
1281.96 223.571
1281.96 223.571
1281.96 223.571
1319.39 197.635
1319.39 197.635
1361.3 186.259
1361.3 186.259
1361.3 186.259
1368.22 197.677
1368.22 197.677
1387.84 193.318
1390.09 192.671
1390.09 192.671
1390.09 192.671
1383.65 195.158
1383.65 195.158
1394.7 192.3
1394.7 192.3
1394.7 192.3
1386.16 198.08
1394.28 197.702
1394.28 197.702
1394.28 197.702
1393.4 200.915
1393.4 200.915
1390.12 204.953
1390.12 204.953
1274.6 272.58
1274.6 272.58
1371.87 241.041
1371.87 241.041
1379.94 241.19
1379.94 241.19
1379.94 241.19
1421.85 229.144
1421.85 229.144
1377.53 266.586
1377.53 266.586
1377.53 266.586
1393.9 354.889
1393.9 354.889
1348.54 370.624
1348.54 370.624
1350.39 377.095
1350.39 377.095
1408.71 379.324
1408.71 379.324
1409.24 399.765
1409.24 399.765
1409.24 399.765
1557.15 469.605
1557.15 469.605
1512.97 474.864
1512.97 474.864
1512.88 474.691
1512.88 474.691
1557.36 475.646
1557.36 475.646
1557.36 475.646
1545.31 483.171
1459.28 515.724
1459.28 515.724
1568.78 502.622
1568.78 502.622
1568.78 502.622
1561.82 506.529
1561.82 506.529
1563.68 509.427
1563.68 509.427
1528.36 405.885
1528.36 405.885
1368.88 -63.8826
1368.88 -63.8826
1368.88 -63.8826
1368.88 -63.8826
1368.88 -63.8826
1316.7 -171.077
1316.7 -171.077
1316.7 -171.077
1316.7 -171.077
1316.7 -171.077
1318.93 -179.867
1318.93 -179.867
640 400
640 400
640 400
640 400
1317.36 -195.396
1317.36 -195.396
1317.36 -195.396
1138.23 -279.216
1138.23 -279.216
772.082 -627.184
772.082 -627.184
757.167 -611.099
757.167 -611.099
722.91 -585.944
722.91 -585.944
722.91 -585.944
766.593 -615.485
747.004 -562.073
747.004 -562.073
747.004 -562.073
873.558 -479.734
873.558 -479.734
813.292 -424.928
813.292 -424.928
838.235 -439.27
838.235 -439.27
882.185 -472.091
882.185 -472.091
846.566 -436.306
846.566 -436.306
846.566 -436.306
846.566 -436.306
846.566 -436.306
889.172 -426.819
889.172 -426.819
889.172 -426.819
889.172 -426.819
889.172 -426.819
825.588 -393.739
825.588 -393.739
844.591 -411.609
844.591 -411.609
848.087 -412.545
848.087 -412.545
850.658 -409.178
850.658 -409.178
1416.1 206.219
1416.1 206.219
1416.1 206.219
1616.75 395.328
1616.75 395.328
1616.75 395.328
1616.75 395.328
1668.61 437.546
1668.61 437.546
1668.61 437.546
1759.49 512.777
1759.49 512.777
1979.76 681.082
1979.76 681.082
1979.76 681.082
1926.27 650.497
1926.27 650.497
1879.67 608.66
1879.67 608.66
1834.12 579.444
1834.12 579.444
1540.79 283.965
1540.79 283.965
1540.79 283.965
1547.56 286.374
1547.56 286.374
1547.56 286.374
1600.22 269.383
1600.22 269.383
1600.22 269.383
1600.22 269.383
1600.22 269.383
1600.22 269.383
1600.22 269.383
1600.22 269.383
1584.81 276.156
1584.81 276.156
1577.13 279.344
1577.13 279.344
748.425 -63.7185
748.425 -63.7185
752.953 -78.0619
752.953 -78.0619
752.953 -78.0619
761.967 -81.2398
761.967 -81.2398
765.135 -80.7048
765.135 -80.7048
760.752 -74.582
760.752 -74.582
760.752 -74.582
753.915 -48.7594
747.467 -46.6466
747.467 -46.6466
747.467 -46.6466
747.467 -46.6466
745.292 -46.5815
747.914 -77.0583
747.914 -77.0583
749.435 -71.3086
749.435 -71.3086
836.299 -529.857
836.299 -529.857
833.088 -520.363
833.088 -520.363
833.088 -520.363
839.33 -527.598
839.33 -527.598
871.627 -558.921
871.627 -558.921
871.627 -558.921
858.785 -547.65
804.83 -500.047
804.83 -500.047
804.83 -500.047
800.217 -498.224
800.217 -498.224
806.202 -504.69
806.202 -504.69
820.828 -519.912
820.828 -519.912
848.743 -549.131
848.743 -549.131
848.743 -549.131
794.325 -499.221
794.325 -499.221
931.266 -637.563
931.266 -637.563
871.997 -578.55
871.997 -578.55
871.997 -578.55
857.491 -560.994
857.491 -560.994
824.732 -527.206
824.732 -527.206
730.404 -426.258
730.404 -426.258
807.615 -492.392
807.615 -492.392
770.897 -456.773
770.897 -456.773
759.167 -443.904
759.167 -443.904
759.167 -443.904
777.344 -458.051
777.344 -458.051
769.611 -449.306
769.611 -449.306
640 400
640 400
640 400
640 400
640 400
640 400
640 400
640 400
764.172 -442.398
764.172 -442.398
872.299 -506.098
845.546 -485.119
845.546 -485.119
845.546 -485.119
844.64 -482.528
809.076 -453.38
809.076 -453.38
809.076 -453.38
816.652 -458.316
816.652 -458.316
820.682 -460.367
820.682 -460.367
820.682 -460.367
823.281 -461.582
819.342 -458.056
819.342 -458.056
819.342 -458.056
808.477 -449.242
808.477 -449.242
879.663 -609.56
879.663 -609.56
848.139 -566.864
848.139 -566.864
848.139 -566.864
850.581 -571.354
850.581 -571.354
840.527 -557.331
840.527 -557.331
862.839 -589.144
862.839 -589.144
727.256 -503.53
727.256 -503.53
741.694 -508.556
741.694 -508.556
742.546 -509.832
742.546 -509.832
742.546 -509.832
774.3 -539.999
774.3 -539.999
816.256 -579.018
816.256 -579.018
814.829 -596.916
814.829 -596.916
814.829 -596.916
853.839 -618.477
853.839 -618.477
797.615 -567.59
797.615 -567.59
817.753 -586.955
817.753 -586.955
818.897 -587.192
818.897 -587.192
738.037 -507.136
738.037 -507.136
640 400
640 400
640 400
640 400
640 400
640 400
640 400
965.587 -676.129
965.587 -676.129
854.689 -680.595
854.689 -680.595
861.072 -725.228
861.072 -725.228
861.072 -725.228
854.296 -738.348
854.296 -738.348
839.64 -780.489
839.64 -780.489
839.64 -780.489
942.993 -874.338
942.993 -874.338
873.176 -976.757
908.592 -1219.03
908.592 -1219.03
908.592 -1219.03
908.382 -1282.12
908.382 -1282.12
812.868 -1139.76
812.868 -1139.76
1066.33 -2010.23
1066.33 -2010.23
936.927 -1585.2
936.927 -1585.2
936.927 -1585.2
949.265 -1635.46
949.265 -1635.46
935.857 -1584.72
935.857 -1584.72
989.212 -1756
989.212 -1756
978.909 -1733.82
978.909 -1733.82
893.433 -1451.57
893.433 -1451.57
918.422 -1551.03
918.422 -1551.03
921.897 -1570.33
921.897 -1570.33
921.897 -1570.33
908.499 -1636.49
908.499 -1636.49
787.584 -1136.23
787.584 -1136.23
821.435 -1161.03
821.435 -1161.03
796.963 -1063.51
796.963 -1063.51
796.963 -1063.51
829.319 -996.445
829.319 -996.445
793.637 -684.15
793.637 -684.15
819.681 -701.586
819.681 -701.586
820.971 -700.263
820.971 -700.263
810.526 -689.823
810.526 -689.823
810.526 -689.823
806.001 -685.687
806.001 -685.687
758.583 -641.949
758.583 -641.949
758.583 -641.949
914.008 -780.078
914.008 -780.078
914.008 -780.078
914.008 -780.078
914.008 -780.078
914.008 -780.078
914.008 -780.078
914.008 -780.078
848.299 -719.738
848.299 -719.738
842.054 -713.807
842.054 -713.807
830.728 -705.274
830.728 -705.274
830.728 -705.274
796.126 -809.442
796.126 -809.442
794.553 -815.696
794.553 -815.696
736.266 -756.425
736.266 -756.425
752.819 -771.603
752.819 -771.603
752.819 -771.603
732.566 -752.142
732.566 -752.142
839.824 -851.017
839.824 -851.017
811.347 -821.865
811.347 -821.865
774.116 -786.837
774.116 -786.837
764.304 -778.138
764.304 -778.138
756.343 -770.724
756.343 -770.724
756.343 -770.724
753.784 -768.246
753.784 -768.246
755.354 -769.137
755.354 -769.137
754.798 -768.005
754.798 -768.005
758.508 -770.44
758.508 -770.44
771.558 -760.438
771.558 -760.438
770.477 -757.135
770.477 -757.135
770.477 -757.135
690.44 -655.674
690.44 -655.674
733.436 -611.174
733.436 -611.174
736.609 -587.852
736.609 -587.852
749.216 -511.801
749.216 -511.801
749.216 -511.801
895.605 -608.658
895.605 -608.658
775.069 -501.716
775.069 -501.716
775.069 -501.716
777.546 -489.087
765.344 -475.412
765.344 -475.412
783.03 -476.576
783.03 -476.576
783.03 -476.576
778.449 -475.634
778.449 -475.634
756.679 -461.682
756.679 -461.682
744.356 -454.45
744.356 -454.45
748.3 -457.99
748.3 -457.99
748.3 -457.99
748.805 -458.966
748.805 -458.966
753.474 -462.78
753.474 -462.78
760.438 -468.304
760.438 -468.304
760.44 -468.653
760.44 -468.653
760.44 -468.653
646.156 -389.744
646.156 -389.744
853.76 -540.933
853.76 -540.933
853.053 -540.545
853.053 -540.545
822.908 -518.819
822.908 -518.819
822.908 -518.819
809.219 -509.056
809.219 -509.056
795.635 -499.871
804.437 -506.704
804.437 -506.704
799.934 -504.064
799.934 -504.064
799.934 -504.064
796.401 -502.219
796.401 -502.219
802.243 -506.885
802.243 -506.885
797.162 -504.008
797.162 -504.008
791.646 -500.917
791.646 -500.917
784.602 -496.745
784.602 -496.745
779.779 -494.094
779.779 -494.094
779.779 -494.094
776.42 -492.456
776.42 -492.456
771.021 -489.477
771.021 -489.477
771.021 -489.477
765.554 -486.408
763.747 -485.694
763.747 -485.694
762.223 -485.07
762.223 -485.07
762.223 -485.07
760.593 -484.271
760.593 -484.271
759.748 -483.909
759.748 -483.909
723.828 -461.432
723.828 -461.432
723.828 -461.432
723.828 -461.432
723.828 -461.432
723.828 -461.432
723.828 -461.432
723.828 -461.432
723.828 -461.432
758.633 -484.011
758.633 -484.011
763.458 -486.268
763.458 -486.268
758.292 -481.514
758.292 -481.514
758.292 -481.514
756.003 -479.259
756.003 -479.259
751.1 -475.319
751.1 -475.319
748.568 -472.985
748.568 -472.985
754.501 -476.351
754.501 -476.351
754.501 -476.351
755.295 -476.395
755.295 -476.395
754.13 -475.084
754.13 -475.084
754.13 -475.084
753.459 -474.034
754.608 -474.228
754.608 -474.228
643.542 -392.939
643.542 -392.939
643.542 -392.939
735.173 -453.654
735.173 -453.654
749.326 -462.387
749.326 -462.387
751.972 -464.071
751.972 -464.071
752.589 -464.233
752.589 -464.233
752.589 -464.233
749.168 -461.752
749.168 -461.752
749.168 -461.752
749.168 -461.752
749.168 -461.752
749.168 -461.752
749.168 -461.752
749.168 -461.752
747.684 -460.653
747.684 -460.653
747.684 -460.653
742.775 -457.251
742.775 -457.251
740.051 -455.424
740.051 -455.424
641.344 -390.72
641.344 -390.72
740.219 -457.382
740.219 -457.382
738.757 -456.718
738.757 -456.718
736.762 -455.692
736.762 -455.692
736.762 -455.692
736.762 -455.692
729.906 -451.39
711.38 -438.774
711.38 -438.774
854.944 -537.224
854.944 -537.224
854.944 -537.224
731.599 -451.996
731.599 -451.996
735.173 -453.925
735.173 -453.925
738.721 -455.78
738.721 -455.78
734.833 -452.714
734.833 -452.714
734.833 -452.714
727.399 -447.315
727.399 -447.315
848.828 -529.262
848.828 -529.262
639.616 -382.996
639.616 -382.996
639.405 -383.659
639.405 -383.659
639.405 -383.659
639.405 -383.659
639.405 -383.659
639.405 -383.659
639.405 -383.659
672.399 -405.045
672.399 -405.045
647.086 -421.442
647.086 -421.442
640.09 -424.404
640.09 -424.404
640.09 -424.404
758.27 -507.445
758.27 -507.445
730.876 -487.979
730.876 -487.979
738.944 -490.415
738.944 -490.415
740.397 -487.946
740.397 -487.946
770.295 -511.235
770.295 -511.235
770.295 -511.235
734.894 -445.586
734.894 -445.586
767.243 -477.154
767.243 -477.154
757.434 -466.322
757.434 -466.322
753.291 -461.492
753.291 -461.492
753.291 -461.492
756.943 -463.458
756.943 -463.458
766.985 -464.763
766.985 -464.763
787.212 -481.818
787.212 -481.818
764.27 -458.399
764.27 -458.399
764.27 -458.399
763.995 -457.034
763.995 -457.034
761.471 -453.047
761.471 -453.047
759.819 -450.002
759.819 -450.002
759.035 -447.859
759.035 -447.859
759.035 -447.859
755.953 -443.516
755.953 -443.516
849.139 -518.011
759.92 -431.776
759.92 -431.776
759.92 -431.776
761.875 -432.547
761.875 -432.547
761.866 -431.591
761.866 -431.591
758.297 -427.063
758.297 -427.063
758.297 -427.063
766.764 -433.312
764.683 -430.041
764.683 -430.041
764.683 -430.041
765.903 -429.769
765.903 -429.769
768.736 -430.844
768.736 -430.844
768.736 -430.844
772.366 -432.666
772.366 -432.666
770.7 -429.635
770.7 -429.635
770.205 -427.672
770.205 -427.672
777.38 -432.68
777.38 -432.68
776.903 -430.718
776.903 -430.718
776.903 -430.718
776.515 -428.892
776.515 -428.892
665.612 -310.763
665.612 -310.763
740.228 -378.414
740.228 -378.414
753.266 -386.33
753.266 -386.33
753.266 -386.33
820.112 -397.615
820.112 -397.615
853.248 -401.772
853.248 -401.772
952.608 -407.346
952.608 -407.346
944.9 -396.324
944.9 -396.324
944.933 -393.706
944.933 -393.706
944.933 -393.706
877.133 -379.843
877.133 -379.843
843.103 -372.724
843.103 -372.724
648.396 -283.531
648.396 -283.531
746.4 -367.748
746.4 -367.748
746.4 -367.748
744.394 -362.492
744.394 -362.492
742.628 -353.152
742.628 -353.152
743.097 -350.366
743.097 -350.366
743.231 -347.969
743.231 -347.969
749.122 -350.403
749.122 -350.403
749.122 -350.403
745.972 -346.47
745.972 -346.47
745.812 -344.906
745.812 -344.906
743.871 -342.469
743.871 -342.469
745.792 -342.8
745.792 -342.8
745.792 -342.8
745.327 -341.463
745.327 -341.463
744.927 -340.38
744.927 -340.38
745.769 -340.204
745.769 -340.204
753.15 -344.805
753.15 -344.805
752.809 -343.621
752.809 -343.621
752.809 -343.621
656.185 -261.101
656.185 -261.101
833.039 -390.937
833.039 -390.937
778.867 -349.704
778.867 -349.704
778.867 -349.704
778.867 -349.704
778.867 -349.704
778.867 -349.704
778.867 -349.704
778.867 -349.704
778.867 -349.704
796.427 -361.95
796.427 -361.95
805.304 -367.612
805.304 -367.612
803.265 -364.855
803.265 -364.855
797.735 -359.289
797.735 -359.289
802.48 -361.443
802.48 -361.443
802.48 -361.443
806.098 -362.75
806.098 -362.75
650.165 -228.631
650.165 -228.631
650.165 -228.631
728.753 -286
728.753 -286
731.219 -285.821
731.219 -285.821
738.355 -289.247
738.355 -289.247
715.913 -269.612
715.913 -269.612
726.731 -266.676
726.731 -266.676
731.82 -266.414
731.82 -266.414
727.679 -261.365
727.679 -261.365
727.679 -261.365
731.379 -262.149
731.379 -262.149
729.587 -258.48
729.587 -258.48
729.587 -258.48
730.117 -256.766
730.117 -256.766
730.807 -255.374
730.807 -255.374
734.141 -256.125
734.141 -256.125
735.863 -255.521
735.863 -255.521
736.036 -253.67
736.036 -253.67
736.036 -253.67
726.852 -244.492
826.183 -301.139
826.183 -301.139
826.183 -301.139
825.448 -296.648
825.448 -296.648
784.136 -262.584
784.136 -262.584
784.136 -262.584
774.629 -253.612
762.001 -242.44
762.001 -242.44
737.814 -216.436
737.814 -216.436
737.814 -216.436
649.726 -145.238
649.726 -145.238
692.93 -176.231
692.93 -176.231
692.93 -176.231
712.161 -188.832
717.148 -190.38
717.148 -190.38
717.148 -190.38
717.148 -190.38
720.156 -190.409
722.668 -190.047
722.668 -190.047
724.839 -189.663
724.839 -189.663
715.223 -179.673
715.223 -179.673
707.536 -171.244
707.536 -171.244
707.536 -171.244
708.195 -169.618
708.195 -169.618
702.345 -162.608
702.345 -162.608
697.281 -156.197
697.281 -156.197
692.876 -150.352
692.876 -150.352
692.876 -150.352
689.038 -145.029
689.038 -145.029
690.066 -143.954
690.066 -143.954
690.066 -143.954
686.846 -139.233
686.846 -139.233
683.982 -134.85
800.602 -218.653
800.602 -218.653
800.602 -218.653
798.505 -218.349
798.505 -218.349
797.483 -218.199
797.483 -218.199
797.483 -218.199
796.265 -217.777
781.879 -204.08
781.879 -204.08
781.879 -204.08
728.384 -156.936
728.384 -156.936
727.399 -144.275
727.399 -144.275
727.399 -144.275
717.611 -130.658
717.611 -130.658
715.615 -125.415
715.615 -125.415
714.275 -121.689
714.275 -121.689
713.313 -118.873
713.313 -118.873
706.152 -106.231
706.152 -106.231
706.152 -106.231
705.683 -105.433
705.683 -105.433
704.377 -103.033
704.377 -103.033
702.883 -99.6045
702.883 -99.6045
700.075 -92.0966
700.075 -92.0966
697.917 -85.7813
697.917 -85.7813
697.878 -86.0717
697.878 -86.0717
697.97 -86.7957
697.97 -86.7957
697.97 -86.7957
697.972 -87.2585
697.972 -87.2585
697.977 -87.5974
697.977 -87.5974
696.809 -83.0662
696.809 -83.0662
696.809 -83.0662
696.809 -83.0662
696.809 -83.0662
696.809 -83.0662
696.809 -83.0662
696.809 -83.0662
696.809 -83.0662
696.809 -83.0662
697.088 -86.1187
697.088 -86.1187
697.651 -86.8935
697.651 -86.8935
698.287 -88.7697
698.287 -88.7697
698.441 -89.8971
698.441 -89.8971
698.599 -91.807
698.599 -91.807
698.599 -91.807
699.04 -95.1774
699.04 -95.1774
698.999 -97.2962
698.999 -97.2962
700.032 -103.166
700.032 -103.166
701.005 -108.95
701.005 -108.95
701.624 -111.873
701.624 -111.873
701.624 -111.873
702.307 -114.625
702.307 -114.625
703.794 -118.787
703.794 -118.787
704.608 -121.363
704.608 -121.363
705.397 -122.886
705.397 -122.886
706.398 -125.739
706.398 -125.739
706.398 -125.739
707.621 -129.033
707.621 -129.033
707.621 -129.033
707.621 -129.033
707.621 -129.033
707.621 -129.033
707.621 -129.033
707.621 -129.033
707.621 -129.033
707.621 -129.033
707.621 -129.033
708.682 -131.389
708.682 -131.389
709.312 -132.001
709.312 -132.001
709.941 -132.709
709.941 -132.709
710.583 -133.549
710.583 -133.549
711.019 -133.082
711.019 -133.082
711.019 -133.082
711.803 -134.984
711.803 -134.984
712.443 -137.683
712.443 -137.683
712.585 -137.488
712.585 -137.488
711.243 -126.489
711.243 -126.489
712.107 -134.41
712.107 -134.41
711.509 -129.15
711.509 -129.15
711.509 -129.15
710.293 -120.847
710.293 -120.847
709.974 -118.903
709.974 -118.903
710.552 -123.891
710.552 -123.891
710.063 -122.253
710.063 -122.253
709.545 -120.593
709.545 -120.593
709.545 -120.593
709.545 -120.593
709.225 -120.008
709.225 -120.008
708.875 -119.385
708.753 -119.841
708.753 -119.841
708.753 -119.841
708.465 -119.357
708.465 -119.357
708.537 -120.783
708.537 -120.783
708.678 -122.424
708.678 -122.424
707.774 -117.923
707.774 -117.923
707.774 -117.923
706.942 -113.873
706.942 -113.873
706.756 -113.424
706.756 -113.424
706.743 -113.891
706.743 -113.891
706.759 -114.345
706.759 -114.345
706.977 -115.898
706.977 -115.898
706.977 -115.898
707.117 -116.989
707.117 -116.989
707.206 -117.822
707.206 -117.822
707.206 -117.822
707.206 -117.822
707.206 -117.822
707.206 -117.822
707.206 -117.822
707.206 -117.822
707.206 -117.822
707.314 -118.672
707.314 -118.672
708.117 -122.568
708.117 -122.568
707.466 -119.495
707.466 -119.495
707.466 -119.495
707.466 -119.495
709.809 -128.456
709.809 -128.456
711.025 -132.239
711.025 -132.239
711.025 -132.239
711.754 -134.011
711.754 -134.011
711.754 -134.011
712.303 -134.811
712.303 -134.811
712.849 -135.323
712.849 -135.323
713.589 -136.484
713.589 -136.484
715.001 -140.204
715.001 -140.204
716 -141.813
716 -141.813
716 -141.813
715.729 -138.298
715.729 -138.298
716.654 -138.437
716.654 -138.437
717.778 -139.872
717.778 -139.872
191.311 888.072
191.311 888.072
191.311 888.072
191.311 888.072
191.311 888.072
191.311 888.072
191.311 888.072
191.311 888.072
191.311 888.072
191.311 888.072
191.311 888.072
191.311 888.072
191.311 888.072
191.311 888.072
191.311 888.072
191.311 888.072
191.311 888.072
640 400
640 400
640 400
640 400
640 400
640 400
640 400
640 400
640 400
640 400
640 400
640 400
640 400
